europe = {
	provinces = { 7202 7201 252 253 254 255 256 257 258 259 260 261 262 263 264 265 266 267 268 7246 269 270 7145 6814  272 273 7250 274 7251 275 276 277 3846 279 6584 6583 3844 283 284 285 3847 287 288 289 290 7252 291 292 293 294 295 3859 297 298 299 3269 301 302 303 304 305 306 7411 307 308 309 3870 310 311 312 7406 3874 314 315 316 317 318 319 320 321 3883 7409  323 324 325 326 7420 7421 7422 327 328 329 330 331 332 6760 334 7268 335 336 337 338 339  340  341 342 343 344 345  346 347 348 3910 350 351 352  353 7451 3915 355 3524 3919 358 359 360 3922 362 363 3925 365 366 367 368 369 3531 370 371 372 373 374 3938 376 377 378 379 380 381 382 383 384 385 386 6385 388 389 390 391 392 393 394 395 396 397 398 399 400 401 402 403 404 405 3967 3968 408 409 6278 3974 6490 413 3972 415 3977 417 418 419 420 421 422 423 424 425 426 427 6823 429 430 431 432 433 434 3996 436 437 7269 438 439 4001 441 442 443 4005 445 446 447 448 4010 450 451 4013 453 454 455 6568 457 458 459 460 461 462 4024 464 465 466 467 468 469 470 471 472 473 474 475 476 477 478 479 480 481 482 4044 4045 485 4047 4048 4049 489 4051 491 492 4053 4055 495 4057 497 4059 499 6263 501 502 503 504 505 506 507 508 509 4071 511 512 513 514 515 4077 517 518 7009 520 521 522 523 524 4085 526 527 528 529 530 531 532 533 3301 535 536 537 538 539 4099 541 542 543 6429 545 4105 547 548 6707 550 551 552 553 4121 555 556 7274 557 558 559 560 561 562 563 564 4123 566 567 4126 569 4128 6428 572 573 574 575 3958 577 578 579 580 4138 582 583 584 3267 586 587 588 4149 4148 591 4150 593 594 595 596 597 4156 599 4158 601 6710 603 604 605 606 607 4166 609 611 612 613 4172 615 616 617 6294 6972 620 621 622 6945 624 6565 7157 4185 628 629 630 6427 7159 633 634 635 4193 637 638 4196 4197 6569 642 4200 644 645 646 4204 648 7163 4207 651 652 653 4211 655 656 657 659 660 4218 662 663 4221 665 4222 667 668 669 4227 3493 672 673 674 675 676 677 678 679 680 4238 4240 683 684 6125 687 688 689 690 691 692 693 694 695  696 697 698 7275 701 700 699 6574 703 704 705 6566 4264 708 4266 710 711 4267 4270 714 715 716 6513 718 719 720 4277 722 6993 724 725 726 727 728 729 730 731 732 733 4290 735 736 737 4293 4294 740 4295 742 743 744 745 746 747 748 3374 750 751 752 753 754 755 756 757 758 759 760 4315 762 763 764 7279  765 766 3312 4322 769 770 771 772 773 774 775 776 777 778 7276 779 780 781 782 7277 783 4338 785 4339 787 788 4342 791 4345 793 794 795 796 4350 6576 799 800 802 803 804 805 4359 807 808 809 4363 811 812 813 814 815 6246 4370 818 819 820 821 822 823 824 825 4378 827 828 829 830 831 832 833 6570 835 836 837 4389 838 839 840 7282 7283 841 842 845 847 848 849 850 851 852 853 854 858 859 860 936 937 938 939 4492 941 942 4495 944 4498 946 947 948 6625 950 951 6501 953 954 955 4508 957 4510 4511 960 4513 962 963 964 965 966 967 968 6607 6608 6694 970 971 4524 973 974 975 976 7417 977 978 979 980 981 982 983 984 7259 4536  985 986 987 988  989 990 991 992 993 6606 995 996 997 4561 999 1000 1001 1003 1004 1005 1006 1007 6617 1009 4562 1011 1012 4565 1014 1015 1016 4567 1018 4571 4572 1021 1022 1023 1024 1025 1026 1027 1028 1029 4582 1031 1032 1033 4595 4585 1036 4589 1038 1039 1040 1041 1042 4596 1044 1045 1046 1047 1048 1049 1050 1051 1052 1053 1054 4607 6920 1057 7423 1060 1103 1182 1724 1743 1780 2533 2538 2557 2560 2561 2567 2568 2569 2570 2577 2580 2582 2583 2584 2587 7258 2588 2610 2622 2669 2688 2689 3553 2690 2699 2700 3250 3251 3252 3253 6307 3255 7273 3256 6267 3259 3261 3262 3265 3266 585 3268 300 3270 3271 3272 3274 3277 3279 3281 3282 3283 3285 3286 3287 3288 3289 3290 3291 3300 534 3302 6422 3304 3305 3306 3307 3308 3309 3310 3311 767 3313 3314 3318 3319 3320 3321 3322 3323 3325 3331 3332 3333 3349 3350 3354 3355 7256 7257 3356 3357 3358 3359 3361 3362 3363 3364 3365 749 3375 3376 3377 3378 3379 3380  3381 3384 3385 3386 3387 3388 3397 3398 3399 3402  3403 3404 3410 3411 3412 3415 6420 3417 3418 7271 6424 3420 7447 7448 3421 3422 3423 3424 3425 3426 3427 3428 3429 3430 3431 3432 3433 3453 3454 3455 3456 3457 3458 3460 3461 3462 3463 3468 3932 3469 3470 3471 7236 3478 3479 3480 3481 3482 3483 3484 3485 3486 3487 3488 3489 3490 3491 3492 671 3494 3495 3496 3497 3498 3499 3500 3503 3504 3505 3506 3507 3508 3509 3510 3511 3512 3513 3514 3515 3516 3517 3518 3519 3520 3521 3522 3523 356 3525 3526 3527 3528 3529 3530 3813 7254 7255 3814 3815 3816 3817 3818 3819 3820 3821 3822  3823 3824 3825 3826 3827 3828 3829 3830 3831 3832  3833 7248 3834 3835 3836 3837 3838 3839 3840 3841 3842 3843 282 3845 278 286 3848 3849 3850 3851 3852 3853 3854 3855 3856 3857 3858 296 3860 3861 3862 3863 3864 3865 7253 3866 3867 3868 3869 7266   3871  3872 3873 313 7407 3875 3876 3877 3878 3879 3880 3881 3882 322  3884 3885 7410 3886 3887 3888 3889 3890 3891 3892 3893 3894 3895 3896 3897 3898 3899  3900 3901  3902 3903 3904 3905 3906 6765 3907 3908 3909 349 3911 3912 3913 3914 354 3916 3917 3918 357 3920 3921 361 3923 3924 364 3926 3927 3934 3928 3929 3930 6538 3931  3933  3935 3936 3937 375 3939 3940 3941 3942 3943 3944 3945 3946 3947 3948 3949 3950 3951 3952 3953 3954 3955 3956 3957 576 3959 3960 3961 3962 3963 3964 3965 3966 406 407 3969 3970 3971 414 3973 411 3975 3976 416 3978 3979 3980 3981 3982 3983 3984 3985 3986 3987 3988 3989 3990 3991 3992 3993 3994 3995 435 3997 3998 3999 4000 440 4002 4003 4004 444 4006 4007 4008 4009 449 4011 4012 452 4014 4015 4016 4017 4018 4019 4020 4021 4022 4023 463 4025 4026 4027 4028 4029 4030 4031 4032 4033 4034 4035 4036 4037 4038 4039 4040 4041 4042 4043 483 484 4046 486 487 488 4050 490 4052 493 4054 494 4056 496 4058 498 4060 4061 4062 4063 4064 4065 4066 4067 4068 4069 4070 510 4072 4073 4074 4075 4076 516 4078 4079 4080 4081 4082 4083 4084 525 4086 4087 4088 4089 4090 4091 4092 4093 4094 4095 4096 7418 4097 4098 540 4100 4101 4102 4103 4104 546 4106 4107 4108 4109 4110 4111 4112 4113 4114 4115 4116 4117 4118 4119 4120 554 4122 565 4124 4125 568 4127 570 4129 4130 4131 4132 4133 4134 4135 4136 4137 581 4139 4140 4141 4142 4143 4144 4145 4146 4147 590 589 592 4151 4152 4153 4154 4155 598 4157 600 4159 4160 4161 4162 4163 4164 4165 608 4167 4169 4170 4171 614 4173 4174 4175 4176 4177 4178 4179 4180 4181 4182 4183 4184 627 4186 4187 4188 4189 4190 4191 4192 636 4194 4195 639 640 4198 4199 643 4201 4202 4203 647 4205 4206 650 4208 4209 4210 654 4212 4213 4214 4216 4217 661 4219 4220 664 666 4223 4224 4225 4226 670 4228 4229 4230 4231 4232 4233 4234 4235 4236 4237 681 4239 682 4241 4242 4244 4245 4246 4247 4248 4249 4250 4251 4252 4253 4254 4255 4256 4257 4258 4259 4260 4261 4262 4263 707 4265 709 712 4268 4269 713 4271 4272 4273 4274 4275 4276 721 4278 4279 4280 4281 4282 4283 4284 4285 4286 4287 4288 4289 734 4291 4292 738 739 741 4296 4297 4298 4299 4300 4301 4302 4303 4304 4305 4306 4307 4308 7408 4309 4310 4311 4312 4313 4314 761 4316 4317 4318 4319 4320 4321 768 4323 4324 4325 4326 4327 4328 4329 4330 4331 4332 4333 4334 4335  6691 4336 4337 784 786 4340 4341 789 4344 792 4346 4347 4348 4349 797 4351 4352 4353 4355 4356 4357 4358 806 4360 4361 4362 810 4364 4365 4366 4367 4368 4369 817 4371 4372 4373 4374 4375 4376 4377 826 4379 4380 4381 4382 4383 4384 4385 4386 4387 4388  7281 4390 4391 4392  4393 4394 4397 7280 4399 4400 4401 4402 4403 4404 4405 4406 4410 4411 4412 4488 4489 4490 4491 940 4493 4494 943 4496 4497 945 4499 4500 4501 4502 4503 4504 4505 4506 4507 956 4509 958 959 4512 961 4514 4515 4516 4517 4518 7285 4519 4520 4521 4522 4523 972 4525 4526 4527 4528 4529 4530 4531 4532 4533 4534  4535   7289 6667   4537 4538 4539 4540 4541 4542 4543 4544 4545 4546 4547 4548 4549 4550 4551 4552 4553 4555 4556 4557 4558 4559 4560 998 1010 4563 4564 1013 4566 1017 4568 4569 4570 1019 1020 4573 4574 4575 4576 4577 4578 4579 4580 4581 1030 4583 4584 1035 4586 4587 4588 1037 4590 4591 4592 4593 4594 1034 1043 4597 4598 4599 4600 4601 4602 4603 4604 4605 4606 1055 4608 4609 4612 4659 4738 5278 5298 5335 6076 6081 6098 6101 6102 6108 6109 6110 6111 6118 6121 6123 6124 685 6128  6129 6150 6165 6222 6244 6245 6562 816 6257 6258 6262 500 6264 6265 6266 3257 6270 6271 6273 6274 6275 6276 6277 410 6279 6281 6284 6286 6288 6289 6290 6291 6292 6293 618 6295 6296 6297 6306 3254 6308 6309 6310 6311 6312 6313 6314 6315 6316 6317 6318 6319 6323 6324 6325 6326 6327 6333 6334 6335 6351 6352 6356 6357 6358 6359 6360 6361 6363 6364 6365 6366 6367 6376 6377 7284 6378 6379 6380 6383 6384 387 6386 6387 6401 6402 6405 6406 6414 6415 6416 6419 3416 6421 3303 6423 3419 6425 6426 631 571 544 6430 6431 6432 6433 6434 6464 6465 6466 6467 6468 6469 6471 6472 6473 6474 6479 6480 6487 6488 6489 412 6491 6492 6493 6494 6495 6496 6497 6498 6499 6500 952 6502 6503 6504 6505 6506 6507 6510 6511 6512 717 6514 6515 6516 6517 6518 6519 6520 6521 6522 6523 6524 6525 6526 6527 6528 6529 6530 6531 6532 6533 6534 6535 6536 6537
	6798 6799 6800 6809 7002 7000 6801 7001 6999 7146 7150 7143 7249 271  280 7004 6582 7006 6588 6784 6785 6794  6673 6674 6675 6676 6679 6759 6789  6790  6791 6792 6776      6577  6756 6777 6656 6751 7267 6753 6757 6754 6767 6758 7261 6761 7265 6762  6596 6598 6593 6763 6768 6769 6770 6771 6591 7078 7452 7079 7076 7073 7074 7075 6722 7086 7087 7084 7083 6775 7142   6587 6709 7133 6832 7132 6833 6821 7135 7129 6824 6825 6829 6827 6830 6698 6700 6843 6658 7123 7128 7127 7126 519 6603 7008 7124 6701 6702 6703 7167 6704 7153 7166 7151 6976 602 6689 6837 6839 6840 619 6668 6946 623 7154 6969 626 7158 6708 632 6947 6688 6730 6729 6907 6975 641 6600 649 6949 6685 6948 6962 6977 6715 6739 6683 6848 6731 6684 6901 7082 702 6903 6573 7088 706 6885 6886 7099 7108 7119 7111 6883 6745 723 6992 6834 6990 6690 6748 6986 6987 6579 6971 6956 6952 6953 6957 6575 6954 6716 798 6692 6712 6960 6696 6965 6713 6604 6966 6978 7100 7101 7102 6898 6719 7103 6741 7117 7105 6892 6894 6896 6899 949 7122 6904 7089 7091 7059 7062 7060 7065 7067 7069 7070 7071 7010 7068 6728 6734 7013 7015 7045 7046 6736 7093 7094 7095 7097 7098 7039 7286 7287 7040 7288 6605 7414 7415 7416 7053 6880 7057 7058   7041 7047 7048 7018 7037 7038 6619 7044 6609 7032 7033 7034 6620 7030 7031 7035 7036 6870 6916 7020 7021 7028 6733 6872 6876 7026 7027 6868 7022 7023 7024 6942 6613 6661 6626 6660 994 1008 6913 6937 6863 6662 6615 6930 6639 6640 6654 6940 6879 6939 6910 6912 6616 6909 6873 6852 6925 6861 6919 1056 6922 6928 6943 6623 6851 6926 6918 6647 6648 6649 6650 6932 6638 6878 6982 6985 6816 6973 6714 6628 6641 6642 6643 6644 6933 6934 6635 6815 7005 7165 6693 6970 6724 6721 6602 6961  6571 549 6908 6835 6746 7043 7120 6743 6744 7085 7107 7115 6944 6723 6720 6727 7118 6897 6795 6796  6797 6805 6808 6586 6806 6810 7003 6807 6996 6997 6998 6581 7247 6811 6812 6813 7147 7148 7149 6585 7144 6804 281 6802 6803 6589 6778 6779  6780 7419 6781 6782 6783 6786 6787 6788  6793  7412 7413 6590 7262 7263 7264 6657 6670 7260  6671 6672 6677 6678 6752 6755 333 6766 6594 6595 6599 6773 6774 6597 6764  6592 6772  7080 7081 7077 7139 7140 7141 7136 7137  7138 6819 7131 6567 6822 428 6820 7134 7130 6828 456 6826 6699 6831 7125 6580 6629 6665 7007 6669 7270 6706 7152 6841 6842 6817 6818 6838 6968 6564 625 7156 7155 6572 6967 7160 6681 6905 6906 7161 7162 6963 7164 6951 6964 6950 6666 6747 6680 6902 6844 6845 6705 6846 7114 7112 6888 7090 6890 6887 6725 6847 7109 7110 7113 7116 6889 7106 6686 6718 6994 7278 6991 6601 6836 6989 6984 6988 6983 6979 6578 6981 6980 6749  6958 6959 6955 834 6630 6687 6726 6900 7121 6738 6740 6742 6895 7061 6891 7066 7051 6869 6917 7011 7012 7014 6732 7072 7096 7042 969 6881 6882 7054 7056 7049 7050 7052 7055 7063 7064 6621 7025 7029 6871 6618 6866 6867 7016 7017 7092 6735 6664  6614 6659 6631 6663 6864 6865 6893 6634 6636 6645 6646 6655 6935 6936 6938 6941 6931 6914 6915 6624 6862 6924 6911 6875 6874 6850 6921 6929 6849 6853 6927 6860 6682 6855 6854 6858 6923 6622 6859 6637 7290 6651 6652 6653 6717 6974 6610 6611 6612 6877 6627 6633 6632 6856 6857 6750 6995 6697  6695 7019 6711 6884 7104 6737
	7177 7170 7181 7168 7183 7184 7172 7182 7173 7171 7185 7174 7186 7175 7176 7179 7169 7178 7180 7189 7190 7191 7192 7193 7194 7195 7196 7197 7198 7199 7272 7200 }
	assimilation_rate = -0.25
}

asia = {
	provinces = { 7235  7210 7211 7212 7213 7214 7215 7216 7217 7218 7203 7204 7205 7206 7219 7220 7207 7208 7221 7222 7209 7223 7458 7459 7224 7368 7369 7225 7226 7460 7227 7228 7229 7461 7230 7231 7232 7233 7234  29  1002 1058 1059 1061 1062 1063 1064 1065 3554 1066 1067 1068 1069 1070 3539 1072 1073 1074 1075 1076 3549 1077 1078 1079 1080 1081 1082 1083 1084 1085 1086 1087 1088 1089 1181 1183 1184 7291 1185 1186 1187 1188 1189 1190 1191 1192 1193 1194 1195 1196 1197 1198 1199 1200 1201 1202 1203 7450 1236 1237 1238 1239 1240 1241 1242 1243 1244 1245 1246 1247 1248 1249 7301 1250 1251 1252 1253 1254 1255 1256 1257 1258 1259 1260 1261 1262 1263 1264 7305 1265 1266 1267 1268 1269 7306 1270 1271 7307 1272 1273 1274 1275 1276 1277 1278 7313 1279 1280 1281 1282 1283 1284 1285 1286 1287 1291 7315 1292 1293 1294 1295 7318 7319 7320 7321 7322 1296 1297 1298 1299 7333 1300 7330 1301 7337 7338 7339 7340 7341 7342 1302 7348 7349 1303 1304 1305 1306 1307 1308 1309 1310  1311 1312 4869 7453 7454 7352 1313 1314 1315 1316 1317 1318 7359 1319 1321 1322 1323 1324 1325 1326 1327 1328 1329 1465 1466 1467 1468 1469 1470 1471 1472 1473 1474 1475 1476 1477 1478 1479 1480 1481 1482 1483 1484 1485 1486 1487 1488 1489 1490 1491 1492 1493 1494 1495 1496 1497 1498 1499 1500 1501 1502 1503 1504 1505 1506 1507 1508 1509 1510 1511 1512 1513 1514 1515 1516 1517 1518 1519 1520 1521 1522 1523 1524 1525 1526 1527 1528 1529 1530 1532 1533 1534 1535 1536 1537 1538 1539 1540 1541 1542 1543 1544 1545 1546 1547 1548 1549 1550 1551 1552 1553 1554 1555 1556 1557 1558 1559 1561 1562 1563 1564 1565 1566 1567 1568 1569 1570 1571 1572 1573 1574 1575 1576 1577 1578 1579 1580 1581 1582 1583 1584 1585 1586 1587 1588 1589 1590 1591 1592 1593 1594 1595 1596 1597 1598 1599 1600 1604 1605 1606 1607 1608 1609 1610 1611 1612 1613 1614 7371 7372 1615 1616 1617 1618 1619 1620 1621 1622 1623 1624 1625 1626 1627 1628 1629 1630 1631 1632 1633 1634 1635 1636 1637 1638 1639 1640 1641 1642 1643 1644 1645 1646 1647 1648 1649 1650 1651 1652 1653 7374 1655 1656 1657 1658 1659 1660 1661 1662 1663 1664 1665 1666 1667 1668 1669 7381 7382 1670 1671 1672 1673 1674 1675 1676 1677 1678 1679 2062 2207 2221 2406 2562 2566 2589 2591 7353 2606 3542 2607 2608 2611 2612 2613 3544 2614 2615 3537 2616 2617 2618 2619 3540 2620 2621 2632 2633 2634 2641 2642 2644 3543 2645 3545 2646 3550 2648 2649 2650 3538 2651 2652 2653 2654 2655 2656 2657 2658 2659 2660 3548 2661 2663 2666 7292 2667 2668 2670 2671 2672 2673 2674 2675 2676 2677 3552 2678 2679 2680 2681 2682 3541 2683 3547 2684 2685 3551 2686 3546 2687 2691 2692 2693 2694 3532 2695 2696 2697 2698 2701 2702 3249 3260 3263 3326 3336 3337 7297 7298 6339  7299 3338 3339 3340 3341 3342 3343 3344 3345 3346 7300 3347 3348 3588 4554 4610 4611 4613 4614 4615 4616 4617 6563 4618 4619 4620 4621 4622 4623 6547 6548 4625 4626 4627 4628 4629 4630 4631 4632 6558 4633 4634 4635 4636 4637 4638 4639 4640 4641 4642 4643 4644 4645 4737 4739 4740 4741 4742 4743 4744 4745 4746 4747 4748 4749  4750 4751 4752 4753 4754 4755 4756 4757 4758 4759 4760  4793 4794 4795 4796 4797 4798 4799 4800 4801 4802 4803 4804 4805 4806 7302 4807 4808 4809 7303 7304 4810 4811 4812 4813 4814 4815 4816 4817 4818 7311 7312 4819 4820 4821 4822 4823 4824 4825 4826 4827 4828 4829 4830 7308 7309 7310 4831 4832 4833 4834 4835 4836 4837 4838 4839 4840 4841 4842 4843 4844 4848 7316 7317 4849 4850 4851 4852 7323 7324 7325 7326 7327 7328 4853 7329 4854 4855 4856  7334 7335 7336 4857 7331 7332 4858 7343 7344 7345 7346 7347 4859 4860 7350 7351 4861 7455 4862  4863 7356 7357 4864 4865 4866 4867 4868  7456 7354 7355 4870 7358 4871 4872 4873 4874 4875 4876 4878 4879 4880 4881 4882 4883 4884 4885 4886 5022 5023 5024 5025 5026 5027 5028 5029 5030 5031 5032 5033 5034 5035 5036 5037 5038 5039 5040 5041 5042 5043 5044 5045 5046 5047 5048 5049 5050 5051 5052 5053 5054 5055 5056 5057 5058 5059 5060 5061 5062 5063 5064 5065 5066 5067 5068 5069 5070 5071 5072 5073 5074 5075 5076 5077 5078 5079 5080 5081 5082 5083 5084 5086 5087 5088 5089 5090 5091 5092 5093 5094 5095 5096 5097 5098 5099 5100 5101 5102 5103 5104 7370 5105 5106 5107 5108 5109 5110 5111 5112 5113 5115 5116 5117 5118 5119 5120 5121 5122 5123 5124  5125 5126 5127 5128 5129 5130 5131 5132 5133 5134 5135 5136 5137 5138 5139 5140 5141 5142 5143 5144 5145 5146 5147 5148 5149 5150 5151 5152 5153 5157 5158 5159 5160 5161 5162 5163 5164 5165 5166 5167 5168 5169 5170 5171 5172 5173 5174 5175 5176 5177 5178 5179  5180 5181 5182 5183 5184 5185 5186 5187 7373 5188 5189 5190 5191 5192 5193 5194 5195 5196 5197 5198 5199 7385 5200 5201 5202 5203 5204 5205 5206 7375 5208 5209 5210 5211 5212 5213 7379 5214 5215 5216 7380 5217 5218 5219 5220 5221 5222 7383 7384 5223 5224 5225 5226 5227 7376 7377 7378 5228 7387 5229 5230 7386 5231 5232 5618 5759 5773 5952 6103 6107 6130 6146 6551 6147 6148 6151 6152 6153 6553 6154 6155 6544 6545 6156 6157 6158 6159 6160 6549 6161 6162 6163 6164 6174 6175 6176 6177 6178 6184 6185 6186 6187 6189 6552 6190 6554 6191 6559 6192 6193 6194 6195 6546 6196 6197 6198 6199 6200 6201 6202 6203 6204 7294 6205 6206 6207 6208 6209 6210 6557 6211 6213 6214 6217 6218 7293 6219 6220 6221 6223 6224 6225 6226 6227 6228 6229 6230 6231 6232 6561 6233 6234 6235 6236 6237 6238 6550 6239 6556 6240 6241 6560 6242 6555 6243 6247 6248 6249 6250 6251 6252 6539 6253 6254 6255 6256 6259 6260 6261 6269 6338  6340 6341 6342 6343 6344 6345 6346 6347 6348 6349 6350 7187 7188 }
	assimilation_rate = -0.5
}

indochina = {
	provinces = { 8 1320 1330 1331 1332 1333 1334 1335 1336 1337 1338 1339 1340 1341 1342 1343 1344 1345 1346 1347 1348 1349 1350 1351 1352 1353 1354 1355 1356 1357 1358 1359 1360 1361 1362 1363 1364 1365 1366 1367  1368 1369 1370 1371 1372 1373 1374 1375 1376 1377 1378 1379 1380 1381 1382 1383 1384 1385 1386 1387 1388 4945 1389 1390 1391 1392 1601 1602 1603 2572 2575 3264 3563 4877 4887 4888 4889 4890 4891 4892 4893 4894 4895 4896 4897 4898 4899 4900 4901 4902 4903 4904 4905 4906 4907 4908 4909 4910 4911 4912 4913 4914 4915 4916 4917 4918 4919 4920 4921 4922 4923 7457 4924 4925 4926 4927 4928 4929 4930 4931 4932 4933 4934 4935 4936 4937 4938 4939 4940 4941 4942 4943 4944  4946 4947 4948 4949 5154 5155 5156 6113 6116 6272 }
	assimilation_rate = -0.5
}

east_indies = {
	provinces = { 10 1393 1394 1395 1396 1397 1398 1399 1400 1401 1402 1403 1404 1405 1406 1407 1408 1409 1410 1411 1413 1414 1415 1416 1417 1418 1419 1420 1421 1422 1423 1424 1425 1426 1427 1428 1429 1430 1431 1432 1433 1434 1435 1436  1437 1438 1439 1440 1441 1442 1443 1444 1445 1446 7364 1447 1448 1449 1450 1451 1452 1453 1454 1455 1456 1457 1458 1459 1460 1461 1462 7365 7366 1463 1464 1560 2244 2528 2529 2530 2531 2565 2576 2637 2647 2665 3275 3276 3315 3401 6404 3565 4950 7360 7361 7362 7363 4951 4952 4953 4954 4955 4956 4957 4958 4959 4960 4961 4962 4963 4964 4965 4966 4967 4968 4970 4971 4972 4973 4974 4975 4976 4977 4978 4979 4980 4981 4982 4983 4984 4985 4986 4987 4988 4989 4990 4991  4992 4993 4994 4995 4996 4997 4998 4999 5000 5001 5002 5003 5004 5005 5006 5007 5008 5009 5010 5011 5012 5013 5014 5015 5016 5017 5018 5019 5020 7367 5021 5114 5791 6071 6072 6073 6074 6106 6117 6181 6216 6282 6283 6320  }
	assimilation_rate = -0.5
	farm_rgo_size = 10.0
	mine_rgo_size = 10.0
}

africa = { #North Africa
	provinces = { 1680 1681 1682 1683 1684 1685 1686 1687 1688 1689 1690 1691 1692 1693 1694 1696 1695 1697 1698 1699 1700 1701 1702 1703 1704 1705 1706 1707 1708 1709 1710 1711 1712 1713 1715 1716 1717 1718 1719 1720 1721 1722 1725 1726 1727 1728 1729 1730 1731 1732 1733 1734 1735 1736 1737 1738 1739 1740 1741 1742 1744 1745 1746 1747 1748 1749 1750 1751 1752 1753 1754 1758 1759 1760 1761 1762 1763 1764 1765 1766 1767 1768 1769 1770 1771 1772 1773 1774 1806 1817 1827 1828 1829 1830 1831 1833 1834 1835 1836 1837 1838 1839 1840 1841 1842 2134 2135 2136 2559 2563 2564 2585 2590 #North Africa
}
	assimilation_rate = -0.5
}

central_africa = {
	provinces = { 1818 1819 1820 1821 1822 1823 1824 1825 1826 1954 1955 1956 1957 1958 1959 1960 1961 1962 1963 1964 1965 1966 1967 1968 1969 1970 1971 1972 1973 1974 1975 1976 1977 1978 1980 1981 1982 1983 1984 1985 1986 1987 1988 1989 1990 1991 1992 1993 1994 1995 1996 1997 1998 2000 2624 5373 5374 5375 5376 5377 5378 5379 5380 5381 5382 5510 5511 5512 5513 5514 5515 5516 5517 5518 5519 5520 5521 5522 5523 5524 5525 5526 5527 5528 5529 5530 5531 5532 5533 5534 5536 5537 5538 5539 5540 5541 5542 5543 5544 5545 5546 5547 5548 5549 5550 5551 5552 5553 5554 5556 6166 }
	assimilation_rate = -0.5
}

west_africa = {
	provinces = { 1775 7389 1776 1777 1778 1779 1781 1782 1783 1784 1785 7463 1786 1787 1788 1789 1790 1791 1792 1793 1794 1795 1796 1797 1798 1799 1800 1801 1802 1803 1804 1805 1807 1808 1809 1810 1811 1812 1813 1814 1815 1816 1876 1877 5433 1878 1879 1880 1881 1882 1883 1884 1885 1886 1887 1888 1889 1890 1891 1892 1893 1894 1895 1896 1897 1898 1899 1900 1901 1902 1903 1904 1905 1906 1907 1908 7465 1909 1910 1911 1912 1913 1914 1915 1916 1917 1918 1919 1920 1921 1922 1923 1924 1925 1926 1927 1928 1929 1930 1931 1932 1933 1934 1935 1936 1937 1938 1939 1940 1941 1942 1943 1944 1945 1946 1947 1948 1949 1950 1951 1952 1953 1999 2001 2002 2003 2004 2005 2006 2007 2008 2009 2010 2011 2129 2130 2132 2573 2609 5330 5331 5332 5333 5334 5336 5337 5338 5339 5340 7464 5341 5342 5343 5344 5345 5346 5347 5348 5349 5350 5351 5352 5353 5354 5355 5356 5357 5358 5359 5360 5362 5363 5364 5365 5366 5367 5368 5369 5370 5371 5432  5434 5435 5436 5437 5438 5439 5440 5441 5442 5443 5444 5445 5446 5447 5448 5449 5450 5451 5452 5453 5454 5455 5456 5457 5458 5459 5460 5461 5462 5463 5464 7390 5465  5466 5467 5468 5469 7391 5470 5471 5472 5473 5474 5475 5476 5477 5478 5479 5480 5481 5482 5483 5484 5485 5486 5487 5488 5489 5490 5491 5492 5493 5494 5495 5496 5497 5498 5499 5500 5501 5502 5503 5504 5505 5506 5507 5508 5509 5555 5557 5558 5559 5560 5561 5562 5563 5564 5565 5566 5567 6114 6149 }
		assimilation_rate = -0.25
}

east_africa = {
	provinces = { 790 1177 1832 1843 1844 1845 1846 1847 1848 1849 1850 1851 1852 1853 1854 1855 1856 1857 1858 1859 1860 1861 1862 1863 1864 1865 1866 1867 1868 1869 1870 1871 1872 1873 1874 1875 2012 2013 2014 2015 2016 2017 2018 2019 2020 2021 2022 2023 2024 2025 2026 2027 2028 2029 2030 2031 2032 2033 2034 2035 2036 2037 2038 2039 2040 2041 2042 2043 2044 2045 2046 2047 2048 2049 2050 2051 2052 2053 2054 2055 2056 2057 2058 2059 2060 2061 2063 2064 2065 2066 2067 2115 2116 2117 2118 2119 2120 2121 2122 2123 2124 2125 2126 2127 2128 2581 3316 4343 4733 5388 5399 5400 5401 5402 5403 5404 5405 5406 5407 5408 5409 5410 5411 5412 5413 5414 5415 5416 5417 5418 5419 5420 5421 5422 5423 5424 5425 5426 5427 5428 5429 5430 5431 5568 5569 5570 5571 5572 5573 5574 5575 5576 5577 5578 5579 5580 5581 5582 5583 5584 5585 5586 5587 5588 5589 5590 5591 5592 5593 5594 5595 5596 5597 5598 5599 5600 5601 5602 5603 5604 5605 5606 5607 5608 5609 5610 5611 5612 5613 5614 5615 5616 5617 5619 5620 5621 5622 7392 5623 5671 5672 5673 5674 5675 5676 5677 5678 5679 5680 5681 5682 5683 5684 6122 6321 }
	assimilation_rate = -0.25
}

south_africa = {
	provinces = { #Namibia 2078 2079 2080 2081 2082 2083 2084 2085 2086 #South Africa 2074 2075 2076 2077 2087 2088 2089 2090 2091 2092 2093 2094 2095 2096 2097 2098 2099 2100 2101 2102 2103 2104 2105 2106 2107 2108 2109 2110 2111 2112 2113 2114 2558 2574 3464 3465 3466 3467 2071 2072 2069 2073 2068 2070 2635
}
	assimilation_rate = -0.25
	farm_rgo_size = 10.0
	mine_rgo_size = 10.0
}

north_america = {
	provinces = { 1 2 3 7424 4 7425 7426 7427 5 6 3535 7 9 11 13 14 15 16 17 18 19 20 21 22 23 24 25 7438 26  27 7237 28 7440 30 31  32 33 7238 34 35 36 37  38 39 40 41 42 43 44 45 46 47 48 49 50 51 52 53 54 55 56 57 58 59 60 61 62 63 64 65 66 67 68 69 70 71 72 73 74 75 76   77 78 79 80 81 82 83 84 85 86 87 88 89 90 91 92 93 94 95 96 97 98 99 100 101 102 103 104 105 106 107 108 109 110 111 112 113 114 115 116 117 118 119 120 3716 121 122 123 124 125 126 127 128 129 130 131 132 133 134 135 136 137 138 139 140 141 142 143 144 145 146 147 148 149 150 151 152 153 154 155 156 157 158 159 160 161 162 163 164 165 166 167 168 169 170 171 172 173 174 175 176 177 178 179 180 181 182 183 184 185 186 187 188 189 190 191 192 193 194 195 196 197  198 199 200 201 202 203 204 205 206 207 208 209 210 211 212 213 214 215 216 217 218 3740 219 220 221 222 223 224 225 226 227 228 229 230 231 232 233 234 235 236 237 238 239 240 241 242 7244 243 244 245 246 247 248 249 250 251 1723 2137 2138 2139 2140 2141 2142 2143 2144 2145 2146 2147 2148 2149 2150 2151 2152 2153 2154 2155 2156 2157 2158 7393 2159 2160 2161 7394 2162 2163 2164 2165 7397 2166 2167 2168 2169 2170 2180 5719 2171 2172 2173 2174 7396 2175 5725 2176 2177 2178 2179  2181 2182 2183 2184 2185 3473 2186 2187 2188 2189 2190 2191 2192 2193 2194 2195 2196 2197 2198 2199 2200 2201 2202 2203 2204 2205 2206 2208 2209 2210 2211 2212 2213 2214 2215 2216 2217 2218 2219 2220 2222 2223 2224 2225 2226 2227 2228 2229 2230 2231 2232 2233 2234 2235 2236 2237 2238 2409 2555 2556 2592 2593 2594 7241 2595 7441 2596 2597 2598 2599 7428 2625 2626  2627 2628 2630 2631 2636 2662 3246 3280 3284 3317 7429 6322 3327 3328 3329 3330 3334 3366 3367 3368 3369 3370 3371 3372 3373 3389 3390  3391 6543 3536 7430   3392 3393 3394 3395 3396 3406 3407 3408  3409 3434 3435 3436 3437 3438   3439  3440 7442 3441 3442 3443 3444 3445  3446 7439 3533 3534 3447  7444 3448 3449 3450 3451  3452  3472  3474 3475 3476 3477 6486 3501 3502 3555 3556 3557 7431 3558 3559 3560 6542 3561 3562 3564 3566  3567 3569 3570 3571 3572 3573 3574 3575 3576 3577 3578 3579 3580 3581 3582  3583 3621 3584  3585  3586 3587 3589 3590  3591 7239 7240 3592  3593  3594  3595 3596  3597 3598 3599 3600  7445 3601 3602 3603 3604  3605 3606 3607 3608  3609 3610 3611 3612 3613 3614 3615 3616 3617 3618 3619 3620  3622 3623 3624 3625 3626 3627 3628 3629 3630 3631 3632 3633 3634 3635 3636 3637 3638 3639 3640 3641 3642 3643 3644 3645 3646 3647 3648 3649 3650 3651 3652 3653 3654 3655 3656 3657 3658 3659 3660 3661 3662 3663 3664 3665 3666 3667 3668 3669 3670 3671 3672 3673 3674 3675 3676 3677 3678 3679 3680 3681 3682 3683 3684 3685 3686 3687 3688 3689 3690 3691 3692 3693 3694 3695 3696 3697 3698 3699 3700 3701 3702 3703 3704 3705 3706 3707 3708 3709 3710 3711 3712 3713 3714 3715  3717 7242 3718 3719 3720 3721 3722 3723 3724 3725 3726 3727 3728 3729 3730 3731 3732 3733 3734 3735 3736 3737 3738 3739   3741 3742 3743 3744 3745 3746 3747 3748 3749 7243 3750 3751 3752 3753 3754 3755 3756 3757 3758 3759 3760  3761 3762 3763 3764 3765 3766 3767 3768 3769 3770 3771 3772 3773 3774 3780 3775 3776 3777 3778 3779  3781 3782 3783 3784 3785 3786 3787 3788 3789 3790 3791 3792 3793 3794 3795 3796 3797 3798 3799 3800 3801 3802 3803 7245 3804 3805 3806 3807 3808 3809 3810 3811 3812 5277 5690 5691 5692 5693 5694 5695 5696 5697 5698 5699 5700 5701 5702 5703 5704 5705 5706 5707 5708 5709 5710 5711 5712 5713 5714 5715 5716 5717 5718  7395 5720 5721 5722 5723 5724  5726 5727 5728 5729 5730 5731 5732 5733 5734 5735 5736 5737 5738 5739 5740 5741 5742 5743 5744 5745 5746 5747 5748 5749 5750 5751 5752  5753 7398 7399 5754 5755 5756 5757 5758 5760 5761 5762 5763 5764 5765 5766 5767 5768 5769 5770 5771 5772 5774 5775 5776 5777 5778 5779 5780 5781 5782 5783 5784 5785 5955 6096 6097 6131 6132 6133  6134 6135 6136 6137 6138 7432 7433 7434 7435 7436 6167 7446 6168 6169 6170 6171 6172 6173 6180 6212 6287  6329 6330 6331 6332 6336 6368 6369 6370 6371 6372 6373 6374 6375 6388 6389 6390   6391 7437  6392 6393 6394 6395 6396 6397 6398 6399 6400 6408 6409 6410  6411 6412   6413  6435 6436 6437 6438 6439 6440 6441 6442 7443 6443   6444  6445  6446 6447 6448 6449 6450 6451 6452 6453  6454 6455 6540 6541 6456 6457 6458 6459 6460  6461  6462 6463  6481 6482 6483 6484 6485  6508 6509 }
	assimilation_rate = 0.5
	farm_rgo_size = 10.0
	mine_rgo_size = 10.0
}

south_america = {
	provinces = { 1714 1979 2131 2133 2239 2240 2241 2242 2243 2245 2246 2247 2248 2249 2250 2251 2252 2253 2254 2255 2256 2257 2258 2259 2260 2261 2262 2263 2264 2265 2266 2267 2268 2269 2270 2271 2272 2273 2274 2275 2276 2277 2278 2279 2280 2281 2282 2283 2284 2285 2286 2287 2288 2289 2290 2291 2292 2293 2294 2295 2296 2297 2298 2299 2300 2301 2302 2303 2304 2305 2306 2307 2308 2309 2310 2311 2312 2313 2314 2315 2316 2317 2318 2319 2320 2321 2322 2323 2324 2325 2326 2327 2328 2329 2330 2331 2332 2333 2334 2335 2337 2338 2339 2340 2341 2342 2343 2344 2345 2346 2347 2348 2349 2350 2351 2352 2353 2354 2355 2356 2357 2358 2359 2360 2361 2362 2363 2364 2365 2366 2367 2368 2369 2370 2371 2372 2373 2374 2375 2376 2377 2378 2379 2380 2381 2382 2383 2384 2385 2386 2387 2388 2389 2390 2391 2392 2393 2394 2395 2396 2397 2398 2399 2400 2401 2402 2403 2404 2405 2407 2408 2410 7470 2411 2412 2413 2415 2416 2417 2418 2419 2420 2421 2422 2423 2424 2425 2426 2427 2428 2429 2430 2431 2432 2433 2434 2435 2436 2437 2438 2439 2440 2441 2442 2443 2444 2445 2446 2447 2448 2449 2450 2451 2452 2453 2455 2456 2457 2458 2459 2460 2461 2462 2463 2464 2465 2466 2467 2532 2549 2550 2554 2578 2600 3295 3296 3297 3298 3299 3353 6355 3400 3413 3414 5266 5535 5685 5686 5786 5787 5788 5789 5790 5792 5793 5794 5795 5796 7466 5797 5798 5799 5800 5801 5802 5803 5804 5805 5806 5807 5808 5809 5810 5811 5812 5813 5814 5815 5816 5817 7400 7401 7402 5818 5819 5820 5821 5822 5823 5824 5825 5826 5827 5828 5829 5830 7467 5831 5832 5833 5834 7468 7469 5835 5836 5837 5838 5839 5840 5841 5842 5843 5844 5845 5846 5847 5848 5849 5850 5851 5852 5853 5854 5855 5856 5857 5858 5859 5860 5861 5862 5863 5864 5865 5866 5867 5868 5869 5870 5871 5872 5873 5874 5875 5876 5877 5878 5879 5880 5881 5882 5883 5884 5885 5886 5887 5888 5889 5890 5891 5892 5893 5894 5895 5896 5897 5898 5899 5900 5901 5902 5903 5904 5905 5906 5907 5908 5909 5910 5911 5912 5913 5914 5915 5916 5917 5918 5919 5920 5921 5922 5923 5924 5925 5926 5927 5928 5929 5930 5931 5932 5933 5934 5935 5936 5937 5938 5939 5940 5941 5942 7403 7404 5943 5944 5945 5946 5947 5948 5949 5950 5951 5953 5954 5956 5957 5958 5959 5961 5962 5963 5964 5965 5966 5967 5968 5969 5970 5971 5972 5973 5974 5975 5976 5977 5978 5979 5980 5981 5982 5983 5984 5985 5986 5987 5988 5989 5990 5991 5992 5993 5994 5995 5996 5997 5998 5999 6001 6002 6003 6004 6005 6006 6007 6008 6009 6010 6011 6012 6013 6075 6091 6092 6095 6119 6139 6301 6302 6303 6304 6305  6403 6417 6418 }
	assimilation_rate = 0.5
	farm_rgo_size = 10
	mine_rgo_size = 10
}

oceania = { #Near East
	provinces = { 12 686 843 844 846 855 856 857 861 862 863 864 865 866 867 868 869 870 871 872 873 874 875 876 877 878 879 880 881 882 883 884 885 886 887 888 889 890 891 892 893 894 895 896 897 898 899 900 901 902 903 904 905 906 907 908 909 910 911 912 913 914 915 916 917 918 919 920 921 922 923 924 925 926 927 928 929 930 931 932 933 934 935 1071 1090 1091 1092 1093 1094 1095 1096 1098 1099 1100 1101 1102 1104 1105 1106 1107 1108 1109 1110 1111 1112 1113 1114 1115 1116 1117 1118 1119 1120 1121 1122 1123 1124 1125 1126 1127 1128 1129 1130 1131 1132 1133 1134 1135 1136 1137 1138 1139 1140 1141 1142 1143 1144 1145 1146 1147 1148 1149 1150 1151 1152 1153 1154 1155 1156 1157 1158 1159 1160 1161 1162 1163 1164 1165 1166 1167 1168 1169 1170 1171 1172 1173 1174 1175 1176 1178 1179 1180 1204 1205 1206 1207 1208 1209 1210 1211 1212 1213 1214 1215 1216 1217 1218 1219 1220 1221 1222 1223 1224 1225 1226 1227 1228 1229 1230 1231 1232 1233 1234 1235 1288 1289 1290 1412 1755 1756 1757 2414 2519 2548 2586 2638 2639 2640 2643 2664 3258 3273 3278 3292 3293 3294 3335 3351 3352 3360 3382 3383 3459 3568 4243 4395 4396 4398 4407 4408 4409 4413 4414 4415 4416 4417 4418 4419 4420 4421 4422 4423 4424 4425 4426 4427 4428 4429 4430 4431 4432 4433 4434 4435 4436 4437 4438 4439 4440 4441 4442 4443 4444 4445 4446 4447 4448 4449 4450 4451 4452 4453 4454 4455 4456 4457 4458 4459 4460 4461 4462 4463 4464 4465 4466 4467 4468 4469 4470 4471 4472 4473 4474 4475 4476 4477 4478 4479 4480 4481 4482 4483 4484 4485 4486 4487 4624 4646 4647 4648 4649 4650 4651 4652 4654 4655 4656 4657 4658 4660 4661 4662 4663 4664 4665 4666 4667 4668 4669 4670 4671 4672 4673 4674 4675 4676 4677 4678 4679 4680 4681 4682 4683 4684 4685 4686 4687 4688 4689 4690 4691 4692 4693 4694 4695 4696 4697 7449 4698 4699 4700 4701 4702 4703 4704 4705 4706 4707 4708 4709 4710 4711 4712 4713 4714 4715 4716 4717 4718 4719 4720 4721 4722 4723 4724 4725 4726 4727 4728 4729 4730 4731 4732 4734 4735 4736 4761 4762 4763 4764 4765 4766 4767 4768 4769 4770 4771 4772 4773 4774 4775 4776 4777 4778 4779 4780 4781 4782 4783 4784 4785 4786 4787 4788 7295 4789 4790 4791 4792 7296 4845 4846 7314 4847 4969 5310 5311 5312 5960 6066 6090 6127 6182 6183 6188 6215 6268 6280 6285 6298 6299 6300 6337 6353 6354 6362 6381 6382 6470 }
	assimilation_rate = -0.25
}

australia_new_zealand = {
	provinces = { 2468 2469 2470 2471 2472 2473 2474 2475 2476 2477 2478 2479 2480 2481 2482 2483 2484 2485 2486 2487 2488 2489 2490 2491 2492 2493 2494 2495 2496 2497 2498 2499 2500 2501 2502 2503 2504 2505 2506 2507 2508 2509 7405 2510 2511 2512 2513 2514 2515 2516 2571 2601 2602 2603 2604 2605 6014 6015 6016 6017 6018 6019 6020 6021 6022 6023 6024 6025 6026 6027 6028 6029 6030 6031 6032 6033 6034 6035 6036 6037 6038 6039 6040 6041 6042 6043 6044 6045 6046 6047 6048 6049 6050 6051 6052 6053 6054 6055 6056 6057 6058 6059 6060 6061 6062 6063 6112 6140 6141 6142 6143 6144 6145 }

	assimilation_rate = 0.5
	farm_rgo_size = 10
	mine_rgo_size = 10
}

polynesia = {
	provinces = { 610 658 801 1097 1531 1654 2336 2454 2517 2518 2520 2521 2522 2523 2524 2525 2526 2527 2534 2535 2536 2537 2539 2540 2541 2542 2543 2544 2545 2546 2547 2551 2552 2553 2579 2623 2629 3324 3405 4168 4215 4354 4653 5085 5207 6000 6064 6065 6067 6068 6069 6070 6077 6078 6079 6080 6082 6083 6084 6085 6086 6087 6088 6089 6093 6094 6120 6328 6407 }
	assimilation_rate = -0.25
	farm_rgo_size = -0.3
	mine_rgo_size = -0.3
}
