TGCNV_STATES 1
6691
1 1
2 1
3 1
4 1
5 1
6 6
7 6
8 8
9 9
10 10
11 11
12 12
13 13
14 13
15 13
16 13
17 13
18 13
19 13
20 13
21 13
22 22
23 22
24 22
25 22
26 11
27 11
28 28
29 29
30 30
31 30
32 30
33 11
34 30
35 11
36 11
37 37
38 38
39 39
40 11
41 37
42 37
43 43
44 44
45 45
46 46
47 47
48 47
49 46
50 46
51 46
52 46
53 46
54 46
55 46
56 46
57 46
58 58
59 37
60 60
61 58
62 58
63 58
64 58
65 58
66 58
67 58
68 68
69 68
70 70
71 70
72 70
73 70
74 74
75 75
76 75
77 74
78 78
79 78
80 78
81 81
82 81
83 81
84 84
85 84
86 84
87 84
88 84
89 84
90 84
91 91
92 91
93 91
94 94
95 94
96 94
97 97
98 97
99 97
100 100
101 100
102 100
103 103
104 84
105 38
106 103
107 107
108 103
109 38
110 107
111 107
112 107
113 107
114 114
115 114
116 114
117 117
118 117
119 117
120 120
121 120
122 120
123 123
124 123
125 123
126 126
127 126
128 126
129 129
130 129
131 129
132 43
133 43
134 43
135 103
136 43
137 43
138 43
139 139
140 139
141 139
142 139
143 143
144 143
145 143
146 146
147 146
148 146
149 146
150 146
151 151
152 151
153 151
154 151
155 155
156 155
157 155
158 155
159 159
160 159
161 159
162 159
163 163
164 163
165 163
166 163
167 163
168 163
169 169
170 169
171 169
172 169
173 173
174 173
175 173
176 173
177 173
178 178
179 178
180 178
181 178
182 178
183 178
184 184
185 184
186 184
187 184
188 188
189 188
190 188
191 188
192 192
193 192
194 192
195 195
196 195
197 195
198 198
199 198
200 198
201 201
202 201
203 203
204 201
205 205
206 205
207 207
208 207
209 207
210 207
211 60
212 60
213 60
214 60
215 60
216 60
217 217
218 217
219 219
220 219
221 219
222 219
223 223
224 223
225 223
226 223
227 223
228 223
229 229
230 229
231 229
232 232
233 232
234 232
235 232
236 232
237 232
238 232
239 239
240 232
241 241
242 241
243 243
244 243
245 243
246 239
247 239
248 248
249 248
250 248
251 251
252 252
253 253
254 254
255 254
256 254
257 254
258 258
259 258
260 260
261 260
262 260
263 263
264 263
265 263
266 266
267 267
268 266
269 269
270 266
271 271
272 269
273 273
274 273
275 273
276 273
277 277
278 277
279 279
280 279
281 281
282 281
283 281
284 284
285 277
286 284
287 284
288 288
289 288
290 288
291 291
292 291
293 291
294 294
295 294
296 296
297 297
298 296
299 299
300 294
301 301
302 301
303 297
304 304
305 305
306 306
307 307
308 305
309 309
310 309
311 309
312 312
313 312
314 314
315 314
316 312
317 317
318 317
319 317
320 320
321 320
322 322
323 323
324 322
325 325
326 326
327 326
328 323
329 329
330 329
331 325
332 332
333 332
334 334
335 334
336 336
337 336
338 336
339 339
340 339
341 341
342 341
343 343
344 344
345 344
346 346
347 347
348 344
349 349
350 349
351 351
352 351
353 349
354 354
355 354
356 356
357 357
358 358
359 358
360 360
361 361
362 362
363 361
364 361
365 361
366 366
367 366
368 368
369 369
370 368
371 368
372 372
373 372
374 372
375 375
376 375
377 375
378 378
379 379
380 378
381 381
382 379
383 383
384 383
385 383
386 383
387 387
388 388
389 389
390 378
391 381
392 392
393 392
394 394
395 395
396 396
397 397
398 398
399 394
400 388
401 394
402 402
403 402
404 402
405 405
406 405
407 405
408 405
409 409
410 409
411 411
412 409
413 413
414 411
415 415
416 415
417 417
418 417
419 419
420 420
421 420
422 420
423 423
424 423
425 425
426 426
427 425
428 428
429 428
430 430
431 431
432 431
433 431
434 434
435 417
436 417
437 434
438 426
439 439
440 439
441 426
442 442
443 434
444 442
445 445
446 445
447 442
448 430
449 449
450 450
451 428
452 452
453 449
454 452
455 455
456 456
457 457
458 442
459 455
460 455
461 449
462 450
463 456
464 457
465 465
466 465
467 467
468 467
469 452
470 467
471 467
472 472
473 473
474 474
475 475
476 474
477 475
478 478
479 479
480 478
481 479
482 475
483 478
484 484
485 484
486 484
487 487
488 488
489 487
490 488
491 487
492 492
493 492
494 479
495 495
496 496
497 495
498 498
499 498
500 500
501 500
502 502
503 503
504 503
505 503
506 506
507 506
508 506
509 509
510 509
511 509
512 512
513 513
514 512
515 513
516 513
517 517
518 518
519 519
520 519
521 521
522 519
523 521
524 521
525 525
526 525
527 525
528 528
529 369
530 369
531 528
532 532
533 533
534 534
535 528
536 536
537 532
538 538
539 528
540 540
541 540
542 542
543 542
544 544
545 544
546 546
547 546
548 548
549 549
550 549
551 549
552 552
553 553
554 554
555 555
556 554
557 554
558 558
559 554
560 558
561 561
562 561
563 563
564 564
565 565
566 566
567 567
568 568
569 569
570 564
571 571
572 572
573 572
574 574
575 575
576 572
577 577
578 577
579 574
580 580
581 581
582 534
583 580
584 580
585 585
586 586
587 586
588 588
589 589
590 589
591 591
592 592
593 589
594 591
595 595
596 596
597 596
598 595
599 599
600 599
601 592
602 599
603 603
604 604
605 604
606 606
607 607
608 607
609 609
610 610
611 611
612 612
613 613
614 612
615 615
616 616
617 616
618 615
619 619
620 619
621 621
622 613
623 623
624 623
625 625
626 626
627 627
628 628
629 627
630 630
631 631
632 632
633 633
634 634
635 633
636 634
637 634
638 638
639 639
640 640
641 641
642 642
643 642
644 640
645 641
646 646
647 647
648 648
649 649
650 649
651 648
652 652
653 652
654 654
655 655
656 655
657 657
658 658
659 657
660 660
661 654
662 662
663 663
664 664
665 665
666 665
667 664
668 668
669 668
670 670
671 670
672 672
673 673
674 674
675 673
676 673
677 673
678 673
679 679
680 679
681 552
682 682
683 682
684 684
685 684
686 686
687 628
688 684
689 689
690 690
691 690
692 690
693 690
694 690
695 695
696 695
697 690
698 695
699 699
700 700
701 699
702 702
703 703
704 704
705 705
706 706
707 362
708 708
709 362
710 706
711 711
712 706
713 703
714 704
715 715
716 703
717 717
718 718
719 719
720 720
721 720
722 722
723 722
724 724
725 724
726 726
727 726
728 726
729 729
730 729
731 729
732 729
733 729
734 734
735 734
736 736
737 737
738 738
739 739
740 739
741 741
742 741
743 741
744 744
745 745
746 744
747 747
748 747
749 749
750 749
751 751
752 751
753 753
754 754
755 754
756 756
757 756
758 756
759 759
760 759
761 759
762 762
763 762
764 762
765 765
766 765
767 767
768 768
769 768
770 736
771 771
772 771
773 773
774 773
775 771
776 771
777 777
778 773
779 777
780 780
781 781
782 782
783 783
784 784
785 785
786 785
787 783
788 788
789 788
790 790
791 791
792 792
793 785
794 794
795 795
796 795
797 794
798 798
799 798
800 800
801 801
802 802
803 802
804 347
805 805
806 806
807 806
808 808
809 808
810 810
811 810
812 810
813 805
814 814
815 815
816 816
817 817
818 668
819 815
820 820
821 821
822 805
823 823
824 824
825 815
826 826
827 826
828 828
829 815
830 816
831 826
832 821
833 821
834 834
835 834
836 836
837 836
838 834
839 836
840 836
841 824
842 836
843 843
844 843
845 834
846 843
847 847
848 847
849 849
850 800
851 823
852 849
853 849
854 854
855 855
856 856
857 855
858 858
859 858
860 858
861 861
862 861
863 861
864 861
865 861
866 861
867 867
868 868
869 867
870 870
871 867
872 867
873 870
874 870
875 870
876 868
877 868
878 868
879 856
880 868
881 868
882 882
883 882
884 882
885 885
886 885
887 887
888 856
889 889
890 887
891 887
892 887
893 889
894 894
895 870
896 894
897 897
898 894
899 889
900 894
901 897
902 902
903 902
904 897
905 897
906 902
907 902
908 908
909 908
910 908
911 908
912 912
913 912
914 912
915 912
916 916
917 916
918 916
919 916
920 916
921 916
922 908
923 923
924 923
925 923
926 926
927 926
928 923
929 926
930 930
931 926
932 930
933 930
934 926
935 930
936 936
937 937
938 938
939 936
940 937
941 936
942 942
943 943
944 944
945 945
946 944
947 718
948 948
949 944
950 950
951 662
952 952
953 662
954 954
955 955
956 942
957 942
958 958
959 959
960 958
961 961
962 962
963 963
964 964
965 965
966 964
967 964
968 968
969 968
970 970
971 971
972 963
973 965
974 971
975 965
976 976
977 977
978 978
979 979
980 977
981 981
982 982
983 983
984 982
985 985
986 985
987 987
988 983
989 987
990 990
991 987
992 992
993 983
994 994
995 983
996 994
997 994
998 998
999 943
1000 998
1001 1001
1002 1002
1003 992
1004 992
1005 1005
1006 1005
1007 945
1008 1008
1009 1008
1010 1010
1011 1010
1012 1008
1013 1013
1014 1010
1015 1015
1016 962
1017 1015
1018 977
1019 1019
1020 990
1021 1019
1022 1013
1023 1001
1024 1001
1025 1019
1026 1026
1027 1001
1028 990
1029 1029
1030 1030
1031 1029
1032 1030
1033 1019
1034 1034
1035 1019
1036 1036
1037 1037
1038 1037
1039 1039
1040 1036
1041 1036
1042 1042
1043 1043
1044 1043
1045 1039
1046 979
1047 976
1048 1048
1049 1049
1050 1050
1051 1049
1052 1052
1053 1052
1054 1054
1055 1052
1056 1056
1057 1057
1058 1058
1059 1058
1060 1043
1061 1061
1062 1062
1063 1063
1064 1061
1065 1062
1066 1061
1067 1063
1068 1063
1069 1069
1070 1063
1071 1071
1072 1072
1073 1072
1074 1074
1075 1075
1076 1075
1077 1077
1078 1078
1079 1078
1080 1080
1081 1080
1082 1082
1083 1082
1084 1082
1085 1082
1086 1086
1087 1086
1088 1086
1089 1086
1090 1090
1091 1090
1092 1090
1093 1090
1094 1090
1095 1090
1096 1096
1097 1097
1098 1098
1099 1098
1100 1098
1101 1101
1102 1102
1103 1102
1104 1102
1105 1102
1106 1102
1107 1102
1108 1108
1109 1108
1110 1110
1111 1110
1112 1108
1113 1113
1114 1113
1115 1113
1116 1116
1117 1110
1118 1110
1119 1110
1120 1120
1121 1121
1122 1120
1123 1108
1124 1121
1125 1121
1126 1121
1127 1127
1128 1120
1129 1127
1130 1127
1131 1131
1132 1131
1133 1120
1134 1127
1135 1135
1136 1135
1137 1135
1138 1135
1139 1139
1140 1139
1141 1071
1142 1071
1143 1139
1144 1139
1145 1071
1146 1139
1147 1116
1148 1116
1149 1116
1150 1116
1151 1151
1152 1151
1153 1151
1154 1151
1155 1151
1156 1156
1157 1157
1158 1156
1159 1156
1160 1156
1161 1156
1162 12
1163 1157
1164 1157
1165 12
1166 1166
1167 12
1168 12
1169 1166
1170 1166
1171 1166
1172 1166
1173 1173
1174 1166
1175 1173
1176 1173
1177 1173
1178 1178
1179 1178
1180 1178
1181 1181
1182 1182
1183 1183
1184 1181
1185 1185
1186 1185
1187 1181
1188 1185
1189 1189
1190 1189
1191 29
1192 29
1193 1185
1194 1183
1195 29
1196 686
1197 1185
1198 29
1199 29
1200 29
1201 1201
1202 29
1203 1189
1204 686
1205 686
1206 686
1207 1201
1208 1201
1209 1209
1210 1210
1211 1210
1212 1212
1213 1210
1214 1212
1215 1209
1216 1209
1217 1209
1218 1209
1219 1209
1220 1220
1221 1220
1222 1220
1223 1209
1224 1224
1225 1224
1226 1224
1227 1227
1228 1227
1229 1227
1230 1227
1231 1227
1232 1227
1233 1227
1234 1227
1235 1227
1236 1227
1237 1227
1238 1238
1239 1238
1240 1238
1241 1238
1242 1238
1243 1238
1244 1238
1245 1238
1246 1238
1247 1247
1248 1247
1249 1247
1250 1247
1251 1251
1252 1251
1253 1251
1254 1254
1255 1254
1256 1254
1257 1254
1258 1258
1259 1258
1260 1258
1261 1261
1262 1262
1263 1262
1264 1264
1265 1264
1266 1264
1267 1264
1268 1264
1269 1264
1270 1270
1271 1270
1272 1270
1273 1270
1274 1270
1275 1238
1276 1238
1277 1261
1278 1278
1279 1261
1280 1261
1281 1261
1282 1262
1283 1278
1284 1278
1285 1278
1286 1278
1287 1278
1288 1288
1289 1288
1290 1290
1291 1290
1292 1290
1293 1290
1294 1290
1295 1290
1296 1290
1297 1297
1298 1297
1299 1297
1300 1297
1301 1297
1302 1297
1303 1297
1304 1304
1305 1305
1306 1305
1307 1305
1308 1305
1309 1304
1310 1304
1311 1304
1312 1304
1313 1313
1314 1313
1315 1313
1316 1297
1317 1313
1318 1318
1319 1318
1320 1320
1321 1321
1322 1321
1323 1321
1324 1321
1325 1321
1326 1326
1327 1326
1328 1326
1329 1326
1330 1330
1331 1330
1332 1330
1333 1333
1334 1333
1335 1333
1336 1333
1337 1333
1338 1338
1339 1339
1340 1338
1341 1339
1342 1339
1343 1320
1344 1320
1345 1330
1346 1346
1347 1346
1348 1346
1349 1346
1350 1350
1351 1350
1352 1352
1353 1346
1354 1352
1355 1346
1356 1356
1357 1356
1358 1350
1359 1350
1360 1356
1361 1356
1362 1356
1363 1356
1364 1364
1365 1350
1366 1364
1367 1364
1368 1364
1369 1369
1370 1369
1371 1369
1372 1369
1373 1369
1374 1369
1375 1375
1376 1375
1377 1375
1378 1375
1379 1375
1380 1380
1381 1380
1382 1380
1383 1380
1384 1384
1385 1384
1386 1384
1387 1384
1388 8
1389 8
1390 1384
1391 8
1392 1352
1393 1393
1394 1393
1395 1393
1396 1393
1397 1393
1398 1398
1399 1398
1400 1400
1401 1400
1402 1400
1403 1398
1404 1398
1405 1405
1406 1405
1407 1405
1408 1400
1409 1405
1410 1398
1411 1400
1412 1173
1413 1413
1414 1413
1415 1413
1416 1413
1417 1413
1418 1418
1419 1418
1420 1418
1421 1418
1422 1422
1423 1422
1424 1424
1425 1424
1426 10
1427 1422
1428 10
1429 1424
1430 1430
1431 1430
1432 1430
1433 1430
1434 1430
1435 1430
1436 1430
1437 1430
1438 1438
1439 1438
1440 1438
1441 1438
1442 1438
1443 1443
1444 1438
1445 1443
1446 1443
1447 1447
1448 1447
1449 1447
1450 1447
1451 1447
1452 1452
1453 1452
1454 1452
1455 1455
1456 1455
1457 1455
1458 1455
1459 1459
1460 1459
1461 1459
1462 1462
1463 1462
1464 1462
1465 1465
1466 1465
1467 1465
1468 1468
1469 1077
1470 1470
1471 1470
1472 1472
1473 1470
1474 1472
1475 1470
1476 1472
1477 1472
1478 1472
1479 1479
1480 1479
1481 1479
1482 1482
1483 1482
1484 1482
1485 1485
1486 1482
1487 1482
1488 1488
1489 1488
1490 1488
1491 1488
1492 1488
1493 1493
1494 1493
1495 1495
1496 1493
1497 1493
1498 1493
1499 1495
1500 1493
1501 1495
1502 1502
1503 1502
1504 1502
1505 1505
1506 1505
1507 1505
1508 1508
1509 1508
1510 1510
1511 1510
1512 1508
1513 1510
1514 1508
1515 1510
1516 1516
1517 1516
1518 1516
1519 1519
1520 1519
1521 1519
1522 1516
1523 1519
1524 1524
1525 1524
1526 1526
1527 1526
1528 1524
1529 1524
1530 1526
1531 1531
1532 1532
1533 1002
1534 1532
1535 1532
1536 1536
1537 1537
1538 1537
1539 1537
1540 1536
1541 1536
1542 1536
1543 1536
1544 1537
1545 1545
1546 1545
1547 1547
1548 1547
1549 1545
1550 1547
1551 1545
1552 1002
1553 1002
1554 1479
1555 1479
1556 1556
1557 1556
1558 1556
1559 1559
1560 1452
1561 1559
1562 1559
1563 1563
1564 1563
1565 1565
1566 1563
1567 1565
1568 1563
1569 1565
1570 1565
1571 1563
1572 1572
1573 1572
1574 1572
1575 1572
1576 1572
1577 1577
1578 1578
1579 1577
1580 1578
1581 1577
1582 1578
1583 1577
1584 1578
1585 1578
1586 1578
1587 1587
1588 1587
1589 1587
1590 1587
1591 1587
1592 1587
1593 1587
1594 1594
1595 1595
1596 1595
1597 1594
1598 1594
1599 1595
1600 1595
1601 1601
1602 1601
1603 1601
1604 1604
1605 1604
1606 1537
1607 1607
1608 1604
1609 1604
1610 1607
1611 1607
1612 1612
1613 1613
1614 1612
1615 1612
1616 1613
1617 1613
1618 1612
1619 1619
1620 1619
1621 1621
1622 1621
1623 1621
1624 1624
1625 1625
1626 1626
1627 1626
1628 1624
1629 1621
1630 1630
1631 1631
1632 1631
1633 1631
1634 1631
1635 1635
1636 1636
1637 1635
1638 1638
1639 1638
1640 1638
1641 1638
1642 1642
1643 1642
1644 1642
1645 1645
1646 1645
1647 1645
1648 1645
1649 1649
1650 1649
1651 1649
1652 1649
1653 1649
1654 1654
1655 1655
1656 1655
1657 1655
1658 1655
1659 1655
1660 1660
1661 1660
1662 1660
1663 1660
1664 1660
1665 1665
1666 1665
1667 1665
1668 1668
1669 1668
1670 1668
1671 1668
1672 1668
1673 1668
1674 1649
1675 1645
1676 1645
1677 1645
1678 1678
1679 1678
1680 1680
1681 1680
1682 1680
1683 1683
1684 1683
1685 1680
1686 1686
1687 1686
1688 1686
1689 1689
1690 1690
1691 1690
1692 1690
1693 1690
1694 1694
1695 1694
1696 1696
1697 1683
1698 1694
1699 1694
1700 1700
1701 1701
1702 1701
1703 1700
1704 1704
1705 1704
1706 1700
1707 1704
1708 1701
1709 1701
1710 1701
1711 1711
1712 1711
1713 1700
1714 1714
1715 1711
1716 1716
1717 1717
1718 1701
1719 1717
1720 1717
1721 1701
1722 1716
1723 1723
1724 267
1725 1725
1726 1725
1727 1725
1728 1725
1729 1725
1730 1725
1731 1731
1732 1731
1733 1731
1734 1731
1735 1735
1736 1735
1737 1735
1738 1735
1739 1739
1740 1731
1741 1731
1742 1731
1743 538
1744 1744
1745 1745
1746 1746
1747 1745
1748 1745
1749 1745
1750 1745
1751 1746
1752 1746
1753 1746
1754 1754
1755 1755
1756 1755
1757 1755
1758 1754
1759 1754
1760 1754
1761 1754
1762 1762
1763 1762
1764 1762
1765 1754
1766 1766
1767 1766
1768 1766
1769 1766
1770 1766
1771 1766
1772 1762
1773 1696
1774 1696
1775 1775
1776 1775
1777 1777
1778 1775
1779 1775
1780 800
1781 1775
1782 1775
1783 1783
1784 1783
1785 1785
1786 1783
1787 1783
1788 1783
1789 1783
1790 1783
1791 1791
1792 1791
1793 1785
1794 1794
1795 1777
1796 1777
1797 1777
1798 1794
1799 1794
1800 1794
1801 1777
1802 1802
1803 1802
1804 1802
1805 1802
1806 1806
1807 1802
1808 1808
1809 1808
1810 1808
1811 1808
1812 1812
1813 1812
1814 1812
1815 1808
1816 1808
1817 1817
1818 1818
1819 1818
1820 1820
1821 1744
1822 1818
1823 1744
1824 1744
1825 1744
1826 1744
1827 1827
1828 1827
1829 1827
1830 1827
1831 1827
1832 1832
1833 1806
1834 1806
1835 1806
1836 1806
1837 1806
1838 1739
1839 1739
1840 1739
1841 1817
1842 1817
1843 1817
1844 1832
1845 1832
1846 1832
1847 1832
1848 1848
1849 1848
1850 1848
1851 1848
1852 1852
1853 1852
1854 1852
1855 1852
1856 1856
1857 1856
1858 1858
1859 1859
1860 1859
1861 1859
1862 1859
1863 1852
1864 1859
1865 1856
1866 1866
1867 1866
1868 1868
1869 1868
1870 1868
1871 1868
1872 1868
1873 1858
1874 1858
1875 1858
1876 1876
1877 1876
1878 1876
1879 1879
1880 1879
1881 1881
1882 1881
1883 1881
1884 1884
1885 1884
1886 1879
1887 1887
1888 1887
1889 1791
1890 1887
1891 1887
1892 1892
1893 1893
1894 1892
1895 1895
1896 1893
1897 1892
1898 1892
1899 1892
1900 1893
1901 1901
1902 1901
1903 1901
1904 1901
1905 1901
1906 1901
1907 1907
1908 1907
1909 1907
1910 1895
1911 1895
1912 1895
1913 1907
1914 1914
1915 1907
1916 1916
1917 1914
1918 1916
1919 1919
1920 1919
1921 1919
1922 1919
1923 1923
1924 1923
1925 1923
1926 1923
1927 1923
1928 1928
1929 1928
1930 1930
1931 1928
1932 1928
1933 1930
1934 1930
1935 1930
1936 1930
1937 1937
1938 1938
1939 1938
1940 1938
1941 1938
1942 1937
1943 1937
1944 1937
1945 1945
1946 1938
1947 1945
1948 1938
1949 1945
1950 1937
1951 1937
1952 1945
1953 1820
1954 1954
1955 1954
1956 1956
1957 1956
1958 1956
1959 1956
1960 1820
1961 1820
1962 1956
1963 1820
1964 1820
1965 1965
1966 1965
1967 1965
1968 1965
1969 1965
1970 1965
1971 1965
1972 1972
1973 1954
1974 1972
1975 1972
1976 1972
1977 1977
1978 1977
1979 1979
1980 1977
1981 1977
1982 1982
1983 1982
1984 1984
1985 1982
1986 1984
1987 1987
1988 1987
1989 1987
1990 1990
1991 1990
1992 1992
1993 1992
1994 1984
1995 1992
1996 1996
1997 1996
1998 1996
1999 1999
2000 1982
2001 1999
2002 1999
2003 2003
2004 2003
2005 2003
2006 2006
2007 2006
2008 2003
2009 1999
2010 2006
2011 2006
2012 790
2013 790
2014 790
2015 790
2016 2016
2017 2016
2018 2016
2019 2019
2020 2019
2021 2019
2022 2019
2023 2019
2024 2024
2025 2024
2026 2019
2027 2027
2028 2024
2029 2027
2030 2027
2031 2027
2032 2027
2033 2027
2034 2034
2035 2034
2036 2036
2037 2037
2038 2038
2039 2038
2040 2037
2041 2037
2042 2037
2043 2037
2044 2037
2045 2037
2046 2037
2047 2037
2048 2036
2049 2049
2050 2049
2051 2049
2052 2052
2053 2053
2054 2053
2055 2053
2056 2053
2057 2052
2058 2052
2059 2053
2060 2060
2061 2060
2062 1488
2063 2060
2064 2060
2065 2053
2066 2066
2067 2066
2068 2068
2069 2069
2070 2068
2071 2069
2072 2069
2073 2069
2074 2074
2075 2074
2076 2074
2077 2074
2078 2078
2079 2079
2080 2079
2081 2079
2082 2079
2083 2078
2084 2078
2085 2078
2086 2078
2087 2087
2088 2087
2089 2087
2090 2087
2091 2087
2092 2087
2093 2093
2094 2093
2095 2093
2096 2096
2097 2096
2098 2096
2099 2096
2100 2096
2101 2101
2102 2101
2103 2101
2104 2104
2105 2105
2106 2105
2107 2105
2108 2105
2109 2105
2110 2105
2111 2104
2112 2104
2113 2104
2114 2105
2115 2115
2116 2116
2117 2116
2118 2116
2119 2115
2120 2115
2121 2115
2122 2116
2123 2123
2124 2123
2125 2123
2126 2123
2127 2123
2128 2123
2129 2129
2130 2129
2131 2129
2132 2129
2133 2129
2134 2134
2135 2134
2136 2134
2137 2137
2138 2138
2139 2138
2140 2137
2141 2137
2142 2142
2143 2142
2144 2142
2145 2142
2146 219
2147 2147
2148 38
2149 2149
2150 2149
2151 2149
2152 2147
2153 2153
2154 2153
2155 2147
2156 2156
2157 2156
2158 2158
2159 2159
2160 2158
2161 2161
2162 2162
2163 2162
2164 2162
2165 2165
2166 2161
2167 2159
2168 2161
2169 2169
2170 2159
2171 2169
2172 2172
2173 2173
2174 2172
2175 2173
2176 2172
2177 2177
2178 2177
2179 2169
2180 2172
2181 2165
2182 2165
2183 2183
2184 2183
2185 2183
2186 39
2187 2187
2188 39
2189 39
2190 2187
2191 2191
2192 2191
2193 2193
2194 2193
2195 2193
2196 2193
2197 2197
2198 2197
2199 2197
2200 2197
2201 2201
2202 2201
2203 2201
2204 1723
2205 1723
2206 1723
2207 1465
2208 1723
2209 44
2210 44
2211 44
2212 44
2213 2213
2214 2213
2215 2213
2216 2213
2217 2217
2218 2217
2219 203
2220 203
2221 1537
2222 2217
2223 45
2224 45
2225 45
2226 45
2227 45
2228 2228
2229 2228
2230 45
2231 2228
2232 45
2233 2228
2234 2234
2235 2234
2236 45
2237 2228
2238 2213
2239 1979
2240 2240
2241 2241
2242 1979
2243 1979
2244 1413
2245 2240
2246 2241
2247 2247
2248 2247
2249 2249
2250 2247
2251 2247
2252 2252
2253 2252
2254 2252
2255 2252
2256 2256
2257 2256
2258 2256
2259 2256
2260 2260
2261 2260
2262 2260
2263 2263
2264 2264
2265 2249
2266 2264
2267 2264
2268 2268
2269 2269
2270 2268
2271 2268
2272 2268
2273 2249
2274 2274
2275 2274
2276 2269
2277 2274
2278 2274
2279 2279
2280 2280
2281 2280
2282 2279
2283 2279
2284 2284
2285 2280
2286 2284
2287 2287
2288 2284
2289 2284
2290 2290
2291 2260
2292 2287
2293 2293
2294 2287
2295 2295
2296 2293
2297 2295
2298 2298
2299 2299
2300 2298
2301 2298
2302 2299
2303 2303
2304 2303
2305 2305
2306 2306
2307 2305
2308 2305
2309 2305
2310 2310
2311 2311
2312 2312
2313 2311
2314 2312
2315 2311
2316 2316
2317 2316
2318 2316
2319 2298
2320 2310
2321 2298
2322 2322
2323 2322
2324 2324
2325 2324
2326 2322
2327 2324
2328 2328
2329 2329
2330 2329
2331 2329
2332 2328
2333 2333
2334 2328
2335 2333
2336 2336
2337 2337
2338 2337
2339 2339
2340 2339
2341 2341
2342 2339
2343 2337
2344 2344
2345 2344
2346 2344
2347 2344
2348 2348
2349 2348
2350 2348
2351 2348
2352 2348
2353 2348
2354 2348
2355 2348
2356 2356
2357 2356
2358 2356
2359 2359
2360 2359
2361 2361
2362 2361
2363 2361
2364 2364
2365 2364
2366 2366
2367 2366
2368 2368
2369 2368
2370 2368
2371 2368
2372 2368
2373 1714
2374 1714
2375 1714
2376 2376
2377 2376
2378 2376
2379 2379
2380 2379
2381 2379
2382 2379
2383 2383
2384 2383
2385 2385
2386 2385
2387 2387
2388 2387
2389 2389
2390 2389
2391 2391
2392 2391
2393 2393
2394 2391
2395 2393
2396 2396
2397 2397
2398 2396
2399 2396
2400 2397
2401 2263
2402 2402
2403 2263
2404 2263
2405 2263
2406 1485
2407 2263
2408 2402
2409 2228
2410 2402
2411 2402
2412 2402
2413 2402
2414 889
2415 2402
2416 2416
2417 2416
2418 2416
2419 2416
2420 2416
2421 2421
2422 2421
2423 2421
2424 2424
2425 2424
2426 2426
2427 2426
2428 2428
2429 2429
2430 2429
2431 2428
2432 2432
2433 2432
2434 2432
2435 2435
2436 2435
2437 2435
2438 2435
2439 2435
2440 2435
2441 2441
2442 2441
2443 2441
2444 2441
2445 2441
2446 2441
2447 2447
2448 2447
2449 2449
2450 2306
2451 2306
2452 2306
2453 2306
2454 2454
2455 2306
2456 2306
2457 2457
2458 2457
2459 2459
2460 2457
2461 2459
2462 2459
2463 2463
2464 2463
2465 2463
2466 2463
2467 2463
2468 2468
2469 2468
2470 2468
2471 2468
2472 2468
2473 2468
2474 2468
2475 2468
2476 2476
2477 2476
2478 2476
2479 2476
2480 2476
2481 2476
2482 2476
2483 2483
2484 2483
2485 2483
2486 2483
2487 2483
2488 2483
2489 2483
2490 2483
2491 2491
2492 2491
2493 2491
2494 2491
2495 2491
2496 2491
2497 2497
2498 2497
2499 2497
2500 2497
2501 2497
2502 2497
2503 2497
2504 2497
2505 2505
2506 2505
2507 2505
2508 2468
2509 2509
2510 2509
2511 2509
2512 2509
2513 2513
2514 2513
2515 2513
2516 2513
2517 2517
2518 610
2519 1210
2520 2520
2521 2517
2522 2522
2523 2522
2524 658
2525 1654
2526 2520
2527 2527
2528 2528
2529 2528
2530 2530
2531 2530
2532 2263
2533 660
2534 1097
2535 1097
2536 1097
2537 1531
2538 2538
2539 1531
2540 2540
2541 2527
2542 2454
2543 2543
2544 2543
2545 2540
2546 2540
2547 2543
2548 885
2549 2290
2550 2416
2551 801
2552 2336
2553 801
2554 2341
2555 201
2556 207
2557 2557
2558 2087
2559 1762
2560 564
2561 577
2562 1485
2563 1690
2564 1806
2565 1459
2566 1258
2567 754
2568 611
2569 788
2570 425
2571 2509
2572 1346
2573 1783
2574 2074
2575 8
2576 1400
2577 788
2578 2303
2579 610
2580 994
2581 2060
2582 782
2583 2583
2584 689
2585 1735
2586 1157
2587 982
2588 981
2589 1660
2590 1689
2591 1304
2592 9
2593 9
2594 47
2595 28
2596 28
2597 44
2598 13
2599 1
2600 2402
2601 2497
2602 2497
2603 2505
2604 2483
2605 2497
2606 1181
2607 1594
2608 1468
2609 1802
2610 1182
2611 1183
2612 1181
2613 2613
2614 1058
2615 2613
2616 1074
2617 1082
2618 1072
2619 2619
2620 1072
2621 2619
2622 413
2623 658
2624 1977
2625 75
2626 9
2627 223
2628 39
2629 801
2630 129
2631 38
2632 1495
2633 1074
2634 2634
2635 2068
2636 251
2637 10
2638 1116
2639 1156
2640 1220
2641 1072
2642 2619
2643 1071
2644 2644
2645 1075
2646 1062
2647 1443
2648 2644
2649 1069
2650 1069
2651 1069
2652 1069
2653 1069
2654 2654
2655 2654
2656 29
2657 2654
2658 1058
2659 2613
2660 1072
2661 2634
2662 38
2663 2634
2664 12
2665 10
2666 2634
2667 2619
2668 2619
2669 726
2670 1078
2671 1078
2672 2619
2673 1069
2674 1077
2675 2654
2676 1075
2677 1075
2678 1468
2679 1468
2680 2654
2681 1485
2682 2613
2683 1063
2684 2613
2685 1058
2686 1063
2687 2687
2688 2688
2689 2688
2690 815
2691 1077
2692 2654
2693 2654
2694 2654
2695 1075
2696 2644
2697 1080
2698 1063
2699 2699
2700 2699
2701 1077
2702 1185
3246 45
3249 1613
3250 607
3251 472
3252 457
3253 612
3254 534
3255 561
3256 563
3257 580
3258 1220
3259 540
3260 1645
3261 753
3262 734
3263 1251
3264 1320
3265 577
3266 741
3267 585
3268 299
3269 294
3270 574
3271 604
3272 609
3273 1173
3274 1090
3275 1422
3276 1424
3277 684
3278 1156
3279 955
3280 68
3281 690
3282 639
3283 777
3284 2213
3285 704
3286 642
3287 484
3288 615
3289 639
3290 808
3291 805
3292 926
3293 856
3294 897
3295 2263
3296 2263
3297 2290
3298 2416
3299 2305
3300 528
3301 534
3302 572
3303 3303
3304 568
3305 563
3306 567
3307 568
3308 950
3309 2538
3310 634
3311 615
3312 615
3313 381
3314 591
3315 3315
3316 2123
3317 1
3318 397
3319 792
3320 396
3321 802
3322 409
3323 717
3324 2520
3325 474
3326 1607
3327 2213
3328 2213
3329 2213
3330 2213
3331 704
3332 607
3333 368
3334 2193
3335 1209
3336 1288
3337 1227
3338 1290
3339 1261
3340 1262
3341 1262
3342 1251
3343 1258
3344 1258
3345 1258
3346 1238
3347 1224
3348 1304
3349 254
3350 805
3351 1102
3352 1048
3353 2368
3354 425
3355 3355
3356 816
3357 455
3358 788
3359 994
3360 1098
3361 817
3362 472
3363 720
3364 800
3365 826
3366 84
3367 100
3368 2138
3369 43
3370 43
3371 43
3372 43
3373 2213
3374 749
3375 756
3376 994
3377 351
3378 1005
3379 336
3380 695
3381 3381
3382 1102
3383 887
3384 378
3385 654
3386 387
3387 828
3388 817
3389 129
3390 1
3391 1
3392 11
3393 11
3394 3394
3395 1
3396 251
3397 572
3398 361
3399 357
3400 2368
3401 1443
3402 781
3403 849
3404 736
3405 1531
3406 129
3407 198
3408 1
3409 1
3410 375
3411 396
3412 395
3413 1979
3414 1979
3415 591
3416 3303
3417 3303
3418 3303
3419 555
3420 555
3421 3421
3422 534
3423 580
3424 631
3425 528
3426 572
3427 544
3428 549
3429 1052
3430 1052
3431 674
3432 814
3433 800
3434 3394
3435 3394
3436 251
3437 3394
3438 28
3439 11
3440 28
3441 11
3442 28
3443 6
3444 1
3445 1
3446 22
3447 37
3448 47
3449 9
3450 9
3451 75
3452 11
3453 823
3454 806
3455 379
3456 726
3457 737
3458 398
3459 1173
3460 702
3461 389
3462 395
3463 392
3464 2104
3465 2104
3466 2093
3467 2093
3468 368
3469 375
3470 563
3471 542
3472 2187
3473 2183
3474 2183
3475 39
3476 2201
3477 2201
3478 604
3479 745
3480 726
3481 396
3482 411
3483 528
3484 544
3485 736
3486 800
3487 802
3488 820
3489 834
3490 665
3491 657
3492 670
3493 670
3494 955
3495 699
3496 971
3497 719
3498 3498
3499 945
3500 826
3501 2197
3502 2197
3503 379
3504 379
3505 357
3506 717
3507 708
3508 715
3509 711
3510 938
3511 360
3512 718
3513 948
3514 942
3515 942
3516 959
3517 955
3518 962
3519 961
3520 961
3521 954
3522 3498
3523 357
3524 356
3525 944
3526 944
3527 945
3528 945
3529 356
3530 356
3531 369
3532 2654
3533 22
3534 22
3535 6
3536 1
3537 2613
3538 1069
3539 1063
3540 2619
3541 2613
3542 1181
3543 2644
3544 2613
3545 1075
3546 1063
3547 1063
3548 1072
3549 1075
3550 1062
3551 1058
3552 1075
3553 2699
3554 1062
3555 1
3556 1
3557 1
3558 1
3559 1
3560 6
3561 6
3562 6
3563 8
3564 9
3565 10
3566 11
3567 11
3568 12
3569 13
3570 13
3571 13
3572 13
3573 13
3574 13
3575 13
3576 13
3577 13
3578 22
3579 22
3580 22
3581 22
3582 11
3583 11
3584 11
3585 11
3586 28
3587 28
3588 29
3589 30
3590 30
3591 30
3592 30
3593 11
3594 11
3595 30
3596 11
3597 11
3598 11
3599 11
3600 37
3601 38
3602 39
3603 11
3604 37
3605 37
3606 43
3607 46
3608 47
3609 47
3610 46
3611 46
3612 46
3613 46
3614 46
3615 46
3616 46
3617 46
3618 46
3619 58
3620 37
3621 37
3622 60
3623 58
3624 58
3625 58
3626 58
3627 58
3628 58
3629 58
3630 68
3631 68
3632 70
3633 70
3634 70
3635 70
3636 74
3637 75
3638 75
3639 74
3640 78
3641 78
3642 78
3643 81
3644 81
3645 81
3646 84
3647 84
3648 84
3649 84
3650 84
3651 84
3652 84
3653 91
3654 91
3655 91
3656 94
3657 94
3658 94
3659 97
3660 97
3661 97
3662 100
3663 100
3664 100
3665 103
3666 84
3667 38
3668 103
3669 107
3670 103
3671 38
3672 107
3673 107
3674 107
3675 107
3676 114
3677 114
3678 114
3679 117
3680 117
3681 117
3682 120
3683 120
3684 120
3685 123
3686 123
3687 123
3688 126
3689 126
3690 126
3691 129
3692 129
3693 129
3694 43
3695 43
3696 43
3697 103
3698 43
3699 43
3700 43
3701 139
3702 139
3703 139
3704 139
3705 143
3706 143
3707 143
3708 146
3709 146
3710 146
3711 146
3712 146
3713 151
3714 151
3715 151
3716 151
3717 155
3718 155
3719 155
3720 155
3721 159
3722 159
3723 159
3724 159
3725 163
3726 163
3727 163
3728 163
3729 163
3730 163
3731 169
3732 169
3733 169
3734 169
3735 173
3736 173
3737 173
3738 173
3739 173
3740 178
3741 178
3742 178
3743 178
3744 178
3745 178
3746 184
3747 184
3748 184
3749 184
3750 188
3751 188
3752 188
3753 188
3754 192
3755 192
3756 192
3757 195
3758 195
3759 195
3760 198
3761 198
3762 198
3763 201
3764 201
3765 201
3766 205
3767 205
3768 207
3769 207
3770 207
3771 207
3772 60
3773 60
3774 60
3775 60
3776 60
3777 60
3778 217
3779 217
3780 219
3781 219
3782 219
3783 219
3784 223
3785 223
3786 223
3787 223
3788 223
3789 223
3790 229
3791 229
3792 229
3793 232
3794 232
3795 232
3796 232
3797 232
3798 232
3799 232
3800 239
3801 232
3802 241
3803 241
3804 243
3805 243
3806 243
3807 239
3808 239
3809 248
3810 248
3811 248
3812 251
3813 252
3814 253
3815 254
3816 254
3817 254
3818 254
3819 258
3820 258
3821 260
3822 260
3823 260
3824 263
3825 263
3826 263
3827 266
3828 267
3829 266
3830 269
3831 266
3832 271
3833 269
3834 273
3835 273
3836 273
3837 273
3838 277
3839 277
3840 277
3841 279
3842 281
3843 277
3844 281
3845 284
3846 277
3847 284
3848 284
3849 288
3850 288
3851 288
3852 288
3853 291
3854 291
3855 294
3856 294
3857 296
3858 297
3859 296
3860 299
3861 294
3862 301
3863 301
3864 297
3865 304
3866 305
3867 3867
3868 307
3869 309
3870 309
3871 309
3872 309
3873 314
3874 312
3875 314
3876 314
3877 312
3878 317
3879 317
3880 317
3881 320
3882 320
3883 322
3884 323
3885 322
3886 325
3887 326
3888 326
3889 323
3890 329
3891 329
3892 325
3893 332
3894 332
3895 334
3896 334
3897 336
3898 336
3899 336
3900 339
3901 339
3902 341
3903 341
3904 343
3905 346
3906 344
3907 346
3908 347
3909 344
3910 349
3911 349
3912 351
3913 351
3914 349
3915 354
3916 354
3917 357
3918 357
3919 357
3920 358
3921 361
3922 360
3923 362
3924 361
3925 361
3926 358
3927 366
3928 366
3929 2557
3930 369
3931 368
3932 368
3933 372
3934 372
3935 334
3936 375
3937 375
3938 375
3939 378
3940 381
3941 378
3942 381
3943 379
3944 383
3945 538
3946 383
3947 383
3948 387
3949 388
3950 388
3951 389
3952 381
3953 392
3954 394
3955 392
3956 398
3957 396
3958 572
3959 398
3960 394
3961 394
3962 394
3963 425
3964 425
3965 402
3966 392
3967 405
3968 405
3969 405
3970 409
3971 409
3972 411
3973 409
3974 411
3975 411
3976 415
3977 415
3978 417
3979 417
3980 419
3981 420
3982 420
3983 420
3984 423
3985 423
3986 425
3987 426
3988 425
3989 428
3990 428
3991 439
3992 428
3993 431
3994 431
3995 434
3996 417
3997 417
3998 423
3999 426
4000 439
4001 439
4002 426
4003 442
4004 434
4005 434
4006 445
4007 445
4008 442
4009 430
4010 449
4011 450
4012 428
4013 452
4014 430
4015 452
4016 455
4017 456
4018 457
4019 442
4020 455
4021 455
4022 449
4023 450
4024 456
4025 457
4026 607
4027 465
4028 467
4029 449
4030 452
4031 467
4032 467
4033 472
4034 473
4035 474
4036 475
4037 474
4038 475
4039 478
4040 479
4041 478
4042 479
4043 475
4044 478
4045 484
4046 484
4047 484
4048 487
4049 488
4050 487
4051 488
4052 487
4053 492
4054 492
4055 479
4056 495
4057 496
4058 495
4059 498
4060 498
4061 500
4062 500
4063 502
4064 503
4065 503
4066 503
4067 506
4068 506
4069 506
4070 509
4071 509
4072 509
4073 512
4074 513
4075 512
4076 513
4077 513
4078 518
4079 519
4080 519
4081 521
4082 518
4083 521
4084 521
4085 525
4086 525
4087 525
4088 369
4089 544
4090 369
4091 528
4092 534
4093 532
4094 534
4095 555
4096 536
4097 540
4098 540
4099 540
4100 540
4101 538
4102 542
4103 544
4104 548
4105 546
4106 548
4107 548
4108 549
4109 549
4110 549
4111 552
4112 553
4113 3421
4114 554
4115 554
4116 554
4117 558
4118 558
4119 558
4120 558
4121 563
4122 563
4123 565
4124 532
4125 568
4126 568
4127 569
4128 564
4129 571
4130 572
4131 572
4132 572
4133 396
4134 575
4135 577
4136 575
4137 574
4138 581
4139 581
4140 538
4141 580
4142 581
4143 585
4144 586
4145 586
4146 588
4147 592
4148 589
4149 589
4150 592
4151 589
4152 591
4153 595
4154 569
4155 596
4156 595
4157 599
4158 599
4159 595
4160 595
4161 603
4162 604
4163 604
4164 606
4165 428
4166 431
4167 609
4168 610
4169 603
4170 612
4171 613
4172 612
4173 613
4174 616
4175 616
4176 615
4177 621
4178 619
4179 621
4180 613
4181 623
4182 623
4183 630
4184 626
4185 627
4186 625
4187 627
4188 630
4189 631
4190 632
4191 633
4192 633
4193 634
4194 646
4195 638
4196 639
4197 640
4198 641
4199 642
4200 640
4201 640
4202 641
4203 646
4204 647
4205 648
4206 792
4207 648
4208 647
4209 647
4210 652
4211 654
4212 655
4213 655
4214 655
4215 658
4216 657
4217 660
4218 654
4219 662
4220 663
4221 664
4222 665
4223 665
4224 665
4225 664
4226 668
4227 672
4228 670
4229 672
4230 673
4231 674
4232 673
4233 673
4234 673
4235 673
4236 546
4237 679
4238 552
4239 682
4240 628
4241 684
4242 703
4243 686
4244 628
4245 689
4246 689
4247 690
4248 679
4249 690
4250 690
4251 690
4252 695
4253 695
4254 690
4255 361
4256 699
4257 700
4258 699
4259 942
4260 703
4261 705
4262 705
4263 706
4264 362
4265 708
4266 362
4267 717
4268 711
4269 717
4270 703
4271 4271
4272 715
4273 703
4274 948
4275 719
4276 720
4277 720
4278 720
4279 720
4280 724
4281 724
4282 726
4283 726
4284 726
4285 729
4286 729
4287 729
4288 729
4289 729
4290 734
4291 734
4292 737
4293 738
4294 739
4295 741
4296 741
4297 741
4298 744
4299 745
4300 739
4301 747
4302 747
4303 749
4304 749
4305 749
4306 751
4307 753
4308 754
4309 754
4310 756
4311 756
4312 756
4313 759
4314 759
4315 759
4316 762
4317 762
4318 762
4319 765
4320 765
4321 767
4322 768
4323 768
4324 736
4325 771
4326 771
4327 781
4328 773
4329 771
4330 771
4331 777
4332 791
4333 780
4334 736
4335 782
4336 783
4337 784
4338 784
4339 783
4340 783
4341 780
4342 783
4343 790
4344 791
4345 652
4346 785
4347 794
4348 795
4349 795
4350 794
4351 798
4352 798
4353 800
4354 801
4355 802
4356 802
4357 347
4358 4358
4359 806
4360 806
4361 808
4362 808
4363 810
4364 810
4365 810
4366 4358
4367 814
4368 815
4369 816
4370 817
4371 805
4372 826
4373 4358
4374 821
4375 805
4376 824
4377 823
4378 826
4379 826
4380 828
4381 815
4382 816
4383 4358
4384 821
4385 824
4386 834
4387 834
4388 834
4389 836
4390 834
4391 836
4392 836
4393 824
4394 836
4395 843
4396 843
4397 834
4398 843
4399 847
4400 847
4401 800
4402 800
4403 823
4404 849
4405 849
4406 854
4407 855
4408 856
4409 855
4410 828
4411 858
4412 858
4413 861
4414 861
4415 861
4416 861
4417 861
4418 861
4419 867
4420 868
4421 867
4422 870
4423 867
4424 867
4425 870
4426 870
4427 870
4428 868
4429 868
4430 868
4431 856
4432 868
4433 868
4434 882
4435 882
4436 882
4437 885
4438 885
4439 887
4440 856
4441 889
4442 887
4443 887
4444 887
4445 889
4446 894
4447 870
4448 894
4449 897
4450 894
4451 889
4452 894
4453 897
4454 902
4455 902
4456 897
4457 897
4458 902
4459 902
4460 908
4461 908
4462 908
4463 908
4464 912
4465 912
4466 912
4467 912
4468 916
4469 916
4470 916
4471 916
4472 916
4473 916
4474 908
4475 923
4476 923
4477 923
4478 926
4479 926
4480 923
4481 926
4482 930
4483 926
4484 930
4485 930
4486 926
4487 930
4488 936
4489 719
4490 938
4491 937
4492 937
4493 3498
4494 3498
4495 943
4496 948
4497 945
4498 945
4499 718
4500 948
4501 944
4502 950
4503 702
4504 952
4505 662
4506 954
4507 955
4508 942
4509 942
4510 958
4511 959
4512 961
4513 958
4514 962
4515 958
4516 964
4517 970
4518 964
4519 964
4520 968
4521 961
4522 4522
4523 4522
4524 963
4525 965
4526 971
4527 4527
4528 4527
4529 977
4530 978
4531 1039
4532 977
4533 981
4534 982
4535 983
4536 983
4537 985
4538 985
4539 987
4540 983
4541 987
4542 987
4543 981
4544 992
4545 983
4546 994
4547 983
4548 994
4549 994
4550 998
4551 943
4552 998
4553 1001
4554 1002
4555 992
4556 992
4557 1005
4558 1005
4559 945
4560 1008
4561 998
4562 1010
4563 1010
4564 1008
4565 1013
4566 1010
4567 1015
4568 944
4569 1015
4570 977
4571 1019
4572 990
4573 1019
4574 1013
4575 1013
4576 1001
4577 1019
4578 1026
4579 990
4580 990
4581 1029
4582 1030
4583 1029
4584 1030
4585 1034
4586 1034
4587 990
4588 1036
4589 1037
4590 1037
4591 1039
4592 1036
4593 1036
4594 1042
4595 1034
4596 1037
4597 1039
4598 979
4599 976
4600 1048
4601 4601
4602 1050
4603 4601
4604 1052
4605 1052
4606 1054
4607 1052
4608 4608
4609 1057
4610 1058
4611 1058
4612 1043
4613 1061
4614 1062
4615 1063
4616 1061
4617 1062
4618 1061
4619 1063
4620 1063
4621 1069
4622 1069
4623 1063
4624 1071
4625 1072
4626 1072
4627 1072
4628 1072
4629 1074
4630 1074
4631 1075
4632 1075
4633 1077
4634 1078
4635 1078
4636 1080
4637 1080
4638 1082
4639 1082
4640 1082
4641 1082
4642 1086
4643 1086
4644 1086
4645 1086
4646 1090
4647 1090
4648 1090
4649 1090
4650 1090
4651 1090
4652 1096
4653 1097
4654 1098
4655 1098
4656 1098
4657 1101
4658 1102
4659 1102
4660 1102
4661 1102
4662 1102
4663 1102
4664 1108
4665 1108
4666 1110
4667 1110
4668 1108
4669 1113
4670 1113
4671 1113
4672 1116
4673 1110
4674 1110
4675 1110
4676 1120
4677 1121
4678 1120
4679 1108
4680 1121
4681 1121
4682 1121
4683 1127
4684 1120
4685 1127
4686 1127
4687 1131
4688 1131
4689 1120
4690 1127
4691 1135
4692 1135
4693 1135
4694 1135
4695 1139
4696 1139
4697 1071
4698 1071
4699 1139
4700 1139
4701 1071
4702 1139
4703 1116
4704 1116
4705 1116
4706 1116
4707 1151
4708 1151
4709 1151
4710 1151
4711 1151
4712 1156
4713 1157
4714 1156
4715 1156
4716 1156
4717 1156
4718 12
4719 1157
4720 1157
4721 12
4722 1166
4723 12
4724 12
4725 1166
4726 1166
4727 1166
4728 1166
4729 1173
4730 1166
4731 1173
4732 1173
4733 1173
4734 1178
4735 1178
4736 1178
4737 1181
4738 1182
4739 1183
4740 1181
4741 1181
4742 1185
4743 1185
4744 1181
4745 1185
4746 1189
4747 1189
4748 29
4749 29
4750 1185
4751 1183
4752 29
4753 686
4754 1185
4755 29
4756 29
4757 29
4758 1201
4759 29
4760 1189
4761 686
4762 686
4763 686
4764 1201
4765 1201
4766 1209
4767 1210
4768 1210
4769 1212
4770 1210
4771 1212
4772 1209
4773 1209
4774 1209
4775 1209
4776 1209
4777 1220
4778 1220
4779 1220
4780 1209
4781 1224
4782 1224
4783 1224
4784 1227
4785 1227
4786 1227
4787 1227
4788 1227
4789 1227
4790 1227
4791 1227
4792 1227
4793 1227
4794 1227
4795 1238
4796 1238
4797 1238
4798 1238
4799 1238
4800 1238
4801 1238
4802 1238
4803 1238
4804 1247
4805 1247
4806 1247
4807 1247
4808 1251
4809 1251
4810 1251
4811 1254
4812 1254
4813 1254
4814 1254
4815 1258
4816 1258
4817 1258
4818 1261
4819 1262
4820 1262
4821 1264
4822 1264
4823 1264
4824 1264
4825 1264
4826 1264
4827 1270
4828 1270
4829 1270
4830 1270
4831 1270
4832 1238
4833 1238
4834 1261
4835 1278
4836 1261
4837 1261
4838 1261
4839 1262
4840 1278
4841 1278
4842 1278
4843 1278
4844 1278
4845 1288
4846 1288
4847 1290
4848 1290
4849 1290
4850 1290
4851 1290
4852 1290
4853 1290
4854 1297
4855 1297
4856 1297
4857 1297
4858 1297
4859 1297
4860 1297
4861 1304
4862 1305
4863 1305
4864 1305
4865 1305
4866 1304
4867 1304
4868 1304
4869 1304
4870 1313
4871 1313
4872 1313
4873 1297
4874 1313
4875 1318
4876 1318
4877 1320
4878 1321
4879 1321
4880 1321
4881 1321
4882 1321
4883 1326
4884 1326
4885 1326
4886 1326
4887 1330
4888 1330
4889 1330
4890 1333
4891 1333
4892 1333
4893 1333
4894 1333
4895 1338
4896 1339
4897 1338
4898 1339
4899 1339
4900 1320
4901 1320
4902 1330
4903 1346
4904 1346
4905 1346
4906 1346
4907 1350
4908 1350
4909 1352
4910 1346
4911 1352
4912 1346
4913 1356
4914 1356
4915 1350
4916 1350
4917 1356
4918 1356
4919 1356
4920 1356
4921 1364
4922 1350
4923 1364
4924 1364
4925 1364
4926 1369
4927 1369
4928 1369
4929 1369
4930 1369
4931 1369
4932 1375
4933 1375
4934 1375
4935 1375
4936 1375
4937 1380
4938 1380
4939 1380
4940 1380
4941 1384
4942 1384
4943 1384
4944 1384
4945 8
4946 8
4947 1384
4948 8
4949 1352
4950 1393
4951 1393
4952 1393
4953 1393
4954 1393
4955 1398
4956 1398
4957 1400
4958 1400
4959 1400
4960 1398
4961 1398
4962 1405
4963 1405
4964 1405
4965 1400
4966 1405
4967 1398
4968 1400
4969 1173
4970 1413
4971 1413
4972 1413
4973 1413
4974 1413
4975 1418
4976 1418
4977 1418
4978 1418
4979 1422
4980 1422
4981 1424
4982 1424
4983 10
4984 1422
4985 10
4986 1424
4987 1430
4988 1430
4989 1430
4990 1430
4991 1430
4992 1430
4993 1430
4994 1430
4995 1438
4996 1438
4997 1438
4998 1438
4999 1438
5000 1443
5001 1438
5002 1443
5003 1443
5004 1447
5005 1447
5006 1447
5007 1447
5008 1447
5009 1452
5010 1452
5011 1452
5012 1455
5013 1455
5014 1455
5015 1455
5016 1459
5017 1459
5018 1459
5019 1462
5020 1462
5021 1462
5022 1465
5023 1465
5024 1465
5025 1468
5026 1077
5027 1470
5028 1470
5029 1472
5030 1470
5031 1472
5032 1470
5033 1472
5034 1472
5035 1472
5036 1479
5037 1479
5038 1479
5039 1482
5040 1482
5041 1485
5042 1482
5043 1482
5044 1488
5045 1488
5046 1488
5047 1488
5048 1488
5049 1493
5050 1493
5051 1495
5052 1493
5053 1495
5054 1493
5055 1495
5056 1502
5057 1502
5058 1502
5059 1505
5060 1505
5061 1505
5062 1508
5063 1508
5064 1510
5065 1510
5066 1508
5067 1510
5068 1508
5069 1510
5070 1516
5071 1516
5072 1516
5073 1519
5074 1519
5075 1519
5076 1516
5077 1519
5078 1524
5079 1524
5080 1526
5081 1526
5082 1524
5083 1524
5084 1526
5085 1531
5086 1532
5087 1002
5088 1532
5089 1532
5090 1536
5091 1537
5092 1537
5093 1537
5094 1536
5095 1536
5096 1536
5097 1536
5098 1537
5099 1545
5100 1545
5101 1547
5102 1547
5103 1545
5104 1547
5105 1545
5106 1002
5107 1002
5108 1479
5109 1479
5110 1556
5111 1556
5112 1556
5113 1559
5114 1452
5115 1559
5116 1559
5117 1563
5118 1563
5119 1565
5120 1563
5121 1565
5122 1563
5123 1565
5124 1563
5125 1532
5126 1572
5127 1572
5128 1572
5129 1532
5130 1577
5131 1578
5132 1577
5133 1578
5134 1577
5135 1578
5136 1577
5137 1578
5138 1578
5139 1578
5140 1587
5141 1587
5142 1587
5143 1587
5144 1587
5145 1587
5146 1587
5147 1594
5148 1595
5149 1595
5150 1594
5151 1594
5152 1595
5153 1595
5154 1601
5155 1601
5156 1601
5157 1604
5158 1604
5159 1537
5160 1607
5161 1604
5162 1604
5163 1607
5164 1607
5165 1612
5166 1613
5167 1612
5168 1612
5169 1613
5170 1613
5171 1612
5172 1619
5173 1619
5174 1621
5175 1621
5176 1621
5177 1624
5178 1625
5179 1625
5180 1619
5181 1624
5182 5182
5183 1630
5184 1630
5185 1631
5186 1631
5187 1631
5188 1635
5189 1636
5190 1635
5191 1638
5192 1638
5193 1638
5194 1638
5195 1642
5196 1642
5197 1642
5198 1645
5199 1645
5200 1645
5201 1645
5202 1649
5203 1649
5204 1649
5205 1649
5206 1649
5207 1654
5208 1655
5209 1655
5210 1655
5211 1655
5212 1655
5213 1660
5214 1660
5215 1660
5216 1660
5217 1660
5218 1665
5219 1665
5220 1665
5221 1668
5222 1668
5223 1668
5224 1668
5225 1668
5226 1668
5227 1649
5228 1645
5229 1645
5230 1645
5231 1678
5232 1678
5233 1680
5234 1680
5235 1680
5236 1683
5237 1683
5238 1680
5239 1686
5240 1686
5241 1686
5242 1690
5243 1690
5244 1690
5245 1690
5246 1694
5247 1694
5248 1696
5249 1683
5250 1694
5251 1694
5252 1700
5253 1701
5254 1701
5255 1700
5256 1704
5257 1704
5258 1700
5259 1704
5260 1701
5261 1701
5262 1701
5263 1711
5264 1711
5265 1700
5266 1714
5267 1711
5268 1716
5269 1717
5270 1717
5271 1701
5272 1717
5273 1717
5274 1717
5275 1701
5276 1716
5277 1723
5278 267
5279 1725
5280 1725
5281 1725
5282 1725
5283 1725
5284 1725
5285 1731
5286 1731
5287 1731
5288 1731
5289 1735
5290 1735
5291 1735
5292 1735
5293 1739
5294 1731
5295 1731
5296 1731
5297 1731
5298 538
5299 1744
5300 1745
5301 1746
5302 1745
5303 1745
5304 1745
5305 1745
5306 1746
5307 1746
5308 1746
5309 1754
5310 1755
5311 1755
5312 1755
5313 1754
5314 1754
5315 1754
5316 1754
5317 1762
5318 1762
5319 1762
5320 1754
5321 1766
5322 1766
5323 1766
5324 1766
5325 1766
5326 1766
5327 1762
5328 1696
5329 1696
5330 1775
5331 1775
5332 1777
5333 1775
5334 1775
5335 806
5336 1775
5337 1775
5338 1783
5339 1783
5340 1785
5341 1783
5342 1783
5343 1783
5344 1783
5345 1783
5346 1791
5347 1791
5348 1785
5349 1794
5350 1777
5351 1777
5352 1777
5353 1794
5354 1794
5355 1794
5356 1777
5357 1802
5358 1802
5359 1802
5360 1802
5361 1806
5362 1802
5363 1808
5364 1808
5365 1808
5366 1808
5367 1812
5368 1812
5369 1812
5370 1808
5371 1808
5372 1817
5373 1818
5374 1818
5375 1820
5376 1744
5377 1818
5378 1744
5379 1744
5380 1744
5381 1744
5382 1744
5383 1827
5384 1827
5385 1827
5386 1827
5387 1827
5388 1832
5389 1806
5390 1806
5391 1806
5392 1806
5393 1806
5394 1739
5395 1739
5396 1739
5397 1817
5398 1817
5399 1817
5400 1832
5401 1832
5402 1832
5403 1832
5404 1848
5405 1848
5406 1848
5407 1848
5408 1852
5409 1852
5410 1852
5411 1852
5412 1856
5413 1856
5414 1858
5415 1859
5416 1859
5417 1859
5418 1859
5419 1852
5420 1859
5421 1856
5422 1866
5423 1866
5424 1868
5425 1868
5426 1868
5427 1868
5428 1868
5429 1858
5430 1858
5431 1858
5432 1876
5433 1876
5434 1876
5435 1879
5436 1879
5437 1881
5438 1881
5439 1881
5440 1884
5441 1884
5442 1879
5443 1887
5444 1887
5445 1791
5446 1887
5447 1887
5448 1892
5449 1893
5450 1892
5451 1895
5452 1893
5453 1892
5454 1892
5455 1892
5456 1893
5457 1901
5458 1901
5459 1901
5460 1901
5461 1901
5462 1901
5463 1907
5464 1907
5465 1907
5466 1895
5467 1895
5468 1895
5469 1907
5470 1914
5471 1907
5472 1916
5473 1914
5474 1916
5475 1919
5476 1919
5477 1919
5478 1919
5479 1923
5480 1923
5481 1923
5482 1923
5483 1923
5484 1928
5485 1928
5486 1930
5487 1928
5488 1928
5489 1930
5490 1930
5491 1930
5492 1930
5493 1937
5494 1938
5495 1938
5496 1938
5497 1938
5498 1937
5499 1937
5500 1937
5501 1945
5502 1938
5503 1945
5504 1938
5505 1945
5506 1937
5507 1937
5508 1945
5509 1820
5510 1954
5511 1954
5512 1956
5513 1956
5514 1956
5515 1956
5516 1820
5517 1820
5518 1956
5519 1820
5520 1820
5521 1965
5522 1965
5523 1965
5524 1965
5525 1965
5526 1965
5527 1965
5528 1972
5529 1954
5530 1972
5531 1972
5532 1972
5533 1977
5534 1977
5535 1979
5536 1977
5537 1977
5538 1982
5539 1982
5540 1984
5541 1982
5542 1984
5543 1987
5544 1987
5545 1987
5546 1990
5547 1990
5548 1992
5549 1992
5550 1984
5551 1992
5552 1996
5553 1996
5554 1996
5555 1999
5556 1982
5557 1999
5558 1999
5559 2003
5560 2003
5561 2003
5562 2006
5563 2006
5564 2003
5565 1999
5566 2006
5567 2006
5568 790
5569 790
5570 790
5571 790
5572 2016
5573 2016
5574 2016
5575 2019
5576 2019
5577 2019
5578 2019
5579 2019
5580 2024
5581 2024
5582 2019
5583 2027
5584 2024
5585 2027
5586 2027
5587 2027
5588 2027
5589 2027
5590 2034
5591 2034
5592 2036
5593 2037
5594 2038
5595 2038
5596 2037
5597 2037
5598 2037
5599 2037
5600 2037
5601 2037
5602 2037
5603 2037
5604 2036
5605 2049
5606 2049
5607 2049
5608 2052
5609 2053
5610 2053
5611 2053
5612 2053
5613 2052
5614 2052
5615 2053
5616 2060
5617 2060
5618 1488
5619 2060
5620 2060
5621 2053
5622 2066
5623 2066
5624 2068
5625 2069
5626 2068
5627 2069
5628 2069
5629 2069
5630 2074
5631 2074
5632 2074
5633 2074
5634 2078
5635 2079
5636 2079
5637 2079
5638 2079
5639 2078
5640 2078
5641 2078
5642 2078
5643 2087
5644 2087
5645 2087
5646 2087
5647 2087
5648 2087
5649 2093
5650 2093
5651 2093
5652 2096
5653 2096
5654 2096
5655 2096
5656 2096
5657 2101
5658 2101
5659 2101
5660 2104
5661 2105
5662 2105
5663 2105
5664 2105
5665 2105
5666 2105
5667 2104
5668 2104
5669 2104
5670 2105
5671 2115
5672 2116
5673 2116
5674 2116
5675 2115
5676 2115
5677 2115
5678 2116
5679 2123
5680 2123
5681 2123
5682 2123
5683 2123
5684 2123
5685 2129
5686 2129
5687 2134
5688 2134
5689 2134
5690 2137
5691 2138
5692 2138
5693 2137
5694 2137
5695 2142
5696 2142
5697 2142
5698 2142
5699 2147
5700 38
5701 2149
5702 2149
5703 2149
5704 2147
5705 2153
5706 2153
5707 2147
5708 2156
5709 2156
5710 2158
5711 2159
5712 2158
5713 2161
5714 2162
5715 2162
5716 2162
5717 2165
5718 2161
5719 2159
5720 2161
5721 2169
5722 2159
5723 2169
5724 2172
5725 2173
5726 2172
5727 2173
5728 2172
5729 2177
5730 2177
5731 2169
5732 2172
5733 2165
5734 2165
5735 2183
5736 2183
5737 2183
5738 39
5739 2187
5740 39
5741 39
5742 2187
5743 2191
5744 2191
5745 2193
5746 2193
5747 2193
5748 2193
5749 2197
5750 2197
5751 2197
5752 2197
5753 2201
5754 2201
5755 2201
5756 1723
5757 1723
5758 1723
5759 1465
5760 1723
5761 44
5762 44
5763 44
5764 44
5765 2213
5766 2213
5767 2213
5768 2213
5769 2217
5770 2217
5771 203
5772 203
5773 1537
5774 2217
5775 45
5776 45
5777 45
5778 2228
5779 2228
5780 45
5781 2228
5782 45
5783 2228
5784 2234
5785 2228
5786 1979
5787 2240
5788 2241
5789 1979
5790 1979
5791 1413
5792 2240
5793 2241
5794 2247
5795 2247
5796 2249
5797 2247
5798 2247
5799 2252
5800 2252
5801 2252
5802 2252
5803 2256
5804 2256
5805 2256
5806 2256
5807 2260
5808 2260
5809 2260
5810 2263
5811 2264
5812 2249
5813 2264
5814 2264
5815 2268
5816 2269
5817 2268
5818 2268
5819 2268
5820 2249
5821 2274
5822 2274
5823 2269
5824 2274
5825 2274
5826 2279
5827 2280
5828 2280
5829 2279
5830 2279
5831 2284
5832 2280
5833 2284
5834 2287
5835 2284
5836 2284
5837 2290
5838 2260
5839 2287
5840 2293
5841 2287
5842 2295
5843 2293
5844 2295
5845 2298
5846 2299
5847 2298
5848 2298
5849 2299
5850 2303
5851 2303
5852 2305
5853 2306
5854 2305
5855 2305
5856 2305
5857 2310
5858 2311
5859 2312
5860 2311
5861 2312
5862 2311
5863 2316
5864 2316
5865 2316
5866 2298
5867 2310
5868 2298
5869 2322
5870 2322
5871 2324
5872 2324
5873 2322
5874 2324
5875 2328
5876 2329
5877 2329
5878 2329
5879 2328
5880 2333
5881 2328
5882 2333
5883 2337
5884 2337
5885 2339
5886 2339
5887 2341
5888 2339
5889 2337
5890 2344
5891 2344
5892 2344
5893 2344
5894 2348
5895 2348
5896 2348
5897 2348
5898 2348
5899 2348
5900 2348
5901 2348
5902 2356
5903 2356
5904 2356
5905 2359
5906 2359
5907 2361
5908 2361
5909 2361
5910 2364
5911 2364
5912 2366
5913 2366
5914 2368
5915 2368
5916 2368
5917 2368
5918 2368
5919 1714
5920 1714
5921 1714
5922 2376
5923 2376
5924 2376
5925 2379
5926 2379
5927 2379
5928 2379
5929 2383
5930 2383
5931 2385
5932 2385
5933 2387
5934 2387
5935 2389
5936 2389
5937 2391
5938 2391
5939 2393
5940 2391
5941 2393
5942 2396
5943 2397
5944 2396
5945 2396
5946 2397
5947 2263
5948 2402
5949 2263
5950 2263
5951 2263
5952 1485
5953 2263
5954 2402
5955 2228
5956 2402
5957 2402
5958 2402
5959 2402
5960 889
5961 2402
5962 2416
5963 2416
5964 2416
5965 2416
5966 2416
5967 2421
5968 2421
5969 2421
5970 2424
5971 2424
5972 2426
5973 2426
5974 2428
5975 2429
5976 2429
5977 2428
5978 2432
5979 2432
5980 2432
5981 2435
5982 2435
5983 2435
5984 2435
5985 2435
5986 2435
5987 2441
5988 2441
5989 2441
5990 2441
5991 2441
5992 2441
5993 2447
5994 2447
5995 2449
5996 2306
5997 2306
5998 2306
5999 2306
6000 2454
6001 2306
6002 2306
6003 2457
6004 2457
6005 2459
6006 2457
6007 2459
6008 2459
6009 2463
6010 2463
6011 2463
6012 2463
6013 2463
6014 2468
6015 2468
6016 2468
6017 2468
6018 2468
6019 2468
6020 2468
6021 2468
6022 2476
6023 2476
6024 2476
6025 2476
6026 2476
6027 2476
6028 2476
6029 2483
6030 2483
6031 2483
6032 2483
6033 2483
6034 2483
6035 2483
6036 2483
6037 2483
6038 2491
6039 2491
6040 2491
6041 2491
6042 2491
6043 2491
6044 2497
6045 2497
6046 2497
6047 2497
6048 2497
6049 2497
6050 2497
6051 2497
6052 2505
6053 2505
6054 2505
6055 2505
6056 2509
6057 2509
6058 2509
6059 2509
6060 2513
6061 2513
6062 2513
6063 2513
6064 2517
6065 610
6066 1210
6067 2520
6068 2517
6069 2522
6070 2527
6071 2528
6072 2528
6073 2530
6074 2530
6075 2263
6076 657
6077 1097
6078 1097
6079 1097
6080 1531
6081 2538
6082 1531
6083 2540
6084 2527
6085 2543
6086 2543
6087 2540
6088 2540
6089 2543
6090 885
6091 2290
6092 2416
6093 801
6094 801
6095 2341
6096 201
6097 207
6098 2557
6099 2087
6100 1762
6101 569
6102 575
6103 1485
6104 1690
6105 1806
6106 1459
6107 1258
6108 754
6109 611
6110 788
6111 425
6112 2509
6113 1346
6114 1783
6115 2074
6116 8
6117 1400
6118 347
6119 2303
6120 610
6121 994
6122 2060
6123 782
6124 2583
6125 684
6126 1735
6127 1157
6128 982
6129 981
6130 1660
6131 9
6132 9
6133 47
6134 28
6135 28
6136 44
6137 13
6138 1
6139 2402
6140 2497
6141 2497
6142 2497
6143 2505
6144 2483
6145 2497
6146 1181
6147 1594
6148 1468
6149 1802
6150 1182
6151 1183
6152 1181
6153 2613
6154 1058
6155 2613
6156 1074
6157 1074
6158 1082
6159 1072
6160 2619
6161 1072
6162 1072
6163 2619
6164 2619
6165 405
6166 1977
6167 75
6168 9
6169 9
6170 223
6171 39
6172 129
6173 38
6174 1495
6175 1074
6176 1074
6177 2634
6178 2634
6179 2068
6180 251
6181 10
6182 1116
6183 1156
6184 1072
6185 1072
6186 2619
6187 2619
6188 1071
6189 2644
6190 1075
6191 1062
6192 2644
6193 1069
6194 1069
6195 1069
6196 1069
6197 1069
6198 1069
6199 1069
6200 1069
6201 1069
6202 2654
6203 2654
6204 2654
6205 2654
6206 29
6207 2654
6208 1058
6209 2613
6210 1072
6211 2634
6212 38
6213 2634
6214 2634
6215 12
6216 10
6217 2634
6218 2634
6219 2619
6220 2619
6221 2619
6222 726
6223 1078
6224 1078
6225 2619
6226 1069
6227 1069
6228 1077
6229 2654
6230 2654
6231 1075
6232 1075
6233 1468
6234 1468
6235 2654
6236 2654
6237 1485
6238 2613
6239 1063
6240 2613
6241 1058
6242 1063
6243 2687
6244 2688
6245 2688
6246 816
6247 1077
6248 2654
6249 2654
6250 2654
6251 2654
6252 2654
6253 1075
6254 2644
6255 1080
6256 1063
6257 985
6258 2699
6259 1077
6260 1185
6261 1613
6262 607
6263 500
6264 585
6265 3421
6266 3421
6267 566
6268 1220
6269 1645
6270 753
6271 729
6272 1320
6273 577
6274 585
6275 299
6276 301
6277 567
6278 409
6279 609
6280 1173
6281 1090
6282 1422
6283 1424
6284 684
6285 1156
6286 955
6287 68
6288 699
6289 639
6290 777
6291 703
6292 642
6293 484
6294 615
6295 771
6296 798
6297 808
6298 926
6299 856
6300 897
6301 2263
6302 2263
6303 2290
6304 2416
6305 2305
6306 369
6307 566
6308 572
6309 558
6310 3303
6311 561
6312 596
6313 950
6314 2538
6315 704
6316 615
6317 767
6318 577
6319 588
6320 3315
6321 2123
6322 1
6323 397
6324 792
6325 802
6326 409
6327 717
6328 2520
6329 2213
6330 2213
6331 2213
6332 2213
6333 950
6334 607
6335 368
6336 2193
6337 1209
6338 1288
6339 1227
6340 1290
6341 1261
6342 1262
6343 1262
6344 1251
6345 1258
6346 1258
6347 1258
6348 1238
6349 1224
6350 1304
6351 254
6352 805
6353 1102
6354 1048
6355 2368
6356 415
6357 3355
6358 808
6359 496
6360 788
6361 994
6362 1098
6363 828
6364 472
6365 720
6366 849
6367 820
6368 84
6369 100
6370 2138
6371 43
6372 43
6373 43
6374 43
6375 2213
6376 994
6377 351
6378 1005
6379 336
6380 695
6381 1102
6382 887
6383 378
6384 648
6385 389
6386 828
6387 817
6388 129
6389 1
6390 1
6391 1
6392 11
6393 11
6394 11
6395 3394
6396 3394
6397 1
6398 1
6399 251
6400 251
6401 572
6402 357
6403 2368
6404 1443
6405 781
6406 736
6407 1531
6408 129
6409 198
6410 1
6411 1
6412 1
6413 1
6414 381
6415 381
6416 396
6417 1979
6418 1979
6419 591
6420 3421
6421 558
6422 561
6423 553
6424 555
6425 595
6426 567
6427 631
6428 571
6429 544
6430 549
6431 1052
6432 1052
6433 668
6434 814
6435 3394
6436 3394
6437 3394
6438 251
6439 251
6440 3394
6441 3394
6442 28
6443 28
6444 11
6445 28
6446 11
6447 11
6448 28
6449 28
6450 6
6451 1
6452 1
6453 1
6454 1
6455 22
6456 37
6457 47
6458 47
6459 9
6460 9
6461 9
6462 75
6463 11
6464 823
6465 806
6466 379
6467 722
6468 737
6469 413
6470 1173
6471 711
6472 389
6473 387
6474 392
6475 2104
6476 2104
6477 2093
6478 2093
6479 375
6480 561
6481 2187
6482 2183
6483 2183
6484 39
6485 2201
6486 2201
6487 604
6488 745
6489 395
6490 409
6491 369
6492 736
6493 2583
6494 806
6495 820
6496 823
6497 665
6498 665
6499 672
6500 663
6501 952
6502 699
6503 971
6504 937
6505 3498
6506 3381
6507 836
6508 2197
6509 2197
6510 383
6511 379
6512 361
6513 717
6514 708
6515 706
6516 711
6517 3381
6518 938
6519 3381
6520 3498
6521 942
6522 942
6523 959
6524 955
6525 958
6526 961
6527 961
6528 954
6529 942
6530 357
6531 357
6532 944
6533 944
6534 945
6535 945
6536 354
6537 356
6538 369
6539 2654
6540 22
6541 22
6542 6
6543 1
6544 2613
6545 2613
6546 1069
6547 1063
6548 1063
6549 2619
6550 2613
6551 1181
6552 2644
6553 2613
6554 1075
6555 1063
6556 1063
6557 1072
6558 1075
6559 1062
6560 1058
6561 1075
6562 2699
6563 1062
6564 619
6565 625
6566 706
6567 425
6568 456
6569 641
6570 834
6571 549
6572 631
6573 703
6574 702
6575 785
6576 798
6577 312
6578 762
6579 762
6580 512
6581 271
6582 299
6583 281
6584 279
6585 271
6586 260
6587 372
6588 305
6589 305
6590 336
6591 346
6592 346
6593 341
6594 339
6595 341
6596 339
6597 341
6598 6598
6599 346
6600 640
6601 729
6602 781
6603 519
6604 836
6605 968
6606 994
6607 970
6608 970
6609 971
6610 982
6611 982
6612 982
6613 985
6614 985
6615 1037
6616 976
6617 1008
6618 978
6619 971
6620 976
6621 6621
6622 1052
6623 1049
6624 1036
6625 944
6626 985
6627 2688
6628 2688
6629 512
6630 858
6631 987
6632 2699
6633 2699
6634 2699
6635 2699
6636 1026
6637 1182
6638 1182
6639 1042
6640 1042
6641 2688
6642 2688
6643 2699
6644 2688
6645 1026
6646 2699
6647 1043
6648 1043
6649 1043
6650 1043
6651 1182
6652 1182
6653 1182
6654 1042
6655 1026
6656 320
6657 6657
6658 492
6659 985
6660 985
6661 985
6662 1037
6663 983
6664 983
6665 512
6666 674
6667 982
6668 630
6669 528
6670 6657
6671 6657
6672 6657
6673 307
6674 307
6675 307
6676 307
6677 307
6678 6657
6679 307
6680 954
6681 950
6682 1052
6683 679
6684 679
6685 648
6686 719
6687 936
6688 634
6689 603
6690 749
6691 780
6692 798
6693 795
6694 968
6695 820
6696 798
6697 773
6698 452
6699 465
6700 452
6701 532
6702 536
6703 534
6704 536
6705 695
6706 536
6707 549
6708 625
6709 394
6710 595
6711 383
6712 802
6713 821
6714 347
6715 674
6716 794
6717 347
6718 362
6719 938
6720 360
6721 1005
6722 938
6723 3381
6724 792
6725 362
6726 719
6727 3381
6728 963
6729 638
6730 634
6731 632
6732 958
6733 6621
6734 962
6735 6621
6736 964
6737 942
6738 942
6739 673
6740 937
6741 937
6742 3498
6743 3498
6744 3498
6745 715
6746 971
6747 674
6748 751
6749 765
6750 720
6751 320
6752 320
6753 320
6754 332
6755 329
6756 312
6757 329
6758 307
6759 307
6760 332
6761 339
6762 339
6763 343
6764 343
6765 344
6766 336
6767 336
6768 6598
6769 6598
6770 6598
6771 6598
6772 6598
6773 346
6774 341
6775 366
6776 309
6777 314
6778 306
6779 3867
6780 3867
6781 306
6782 306
6783 306
6784 306
6785 306
6786 3867
6787 3867
6788 306
6789 3867
6790 3867
6791 3867
6792 3867
6793 306
6794 306
6795 252
6796 252
6797 252
6798 252
6799 252
6800 252
6801 263
6802 301
6803 297
6804 273
6805 254
6806 258
6807 263
6808 254
6809 254
6810 258
6811 271
6812 271
6813 271
6814 271
6815 301
6816 611
6817 604
6818 606
6819 394
6820 431
6821 430
6822 428
6823 430
6824 442
6825 434
6826 455
6827 455
6828 442
6829 442
6830 457
6831 467
6832 405
6833 413
6834 739
6835 745
6836 738
6837 603
6838 606
6839 606
6840 603
6841 603
6842 603
6843 452
6844 682
6845 682
6846 690
6847 708
6848 628
6849 4601
6850 979
6851 1049
6852 1049
6853 4601
6854 1054
6855 1052
6856 6856
6857 6857
6858 1054
6859 1052
6860 1052
6861 1052
6862 1036
6863 1034
6864 983
6865 983
6866 978
6867 978
6868 978
6869 962
6870 977
6871 977
6872 976
6873 976
6874 976
6875 976
6876 979
6877 1182
6878 1182
6879 1043
6880 673
6881 968
6882 968
6883 703
6884 706
6885 706
6886 706
6887 706
6888 702
6889 4271
6890 705
6891 942
6892 943
6893 945
6894 943
6895 943
6896 718
6897 944
6898 937
6899 718
6900 938
6901 690
6902 954
6903 702
6904 952
6905 638
6906 950
6907 638
6908 4271
6909 979
6910 1039
6911 1039
6912 1039
6913 977
6914 1039
6915 1039
6916 977
6917 1015
6918 1057
6919 1050
6920 4608
6921 1050
6922 1050
6923 1057
6924 1036
6925 1049
6926 6926
6927 4601
6928 1050
6929 979
6930 1036
6931 1037
6932 1043
6933 2688
6934 2688
6935 1026
6936 1026
6937 1026
6938 1026
6939 1042
6940 1042
6941 1026
6942 982
6943 1050
6944 711
6945 642
6946 613
6947 634
6948 646
6949 646
6950 664
6951 670
6952 784
6953 788
6954 783
6955 791
6956 784
6957 788
6958 783
6959 788
6960 802
6961 781
6962 654
6963 647
6964 663
6965 816
6966 858
6967 682
6968 621
6969 626
6970 767
6971 768
6972 621
6973 800
6974 2583
6975 638
6976 627
6977 654
6978 858
6979 756
6980 762
6981 762
6982 754
6983 753
6984 749
6985 754
6986 753
6987 753
6988 751
6989 744
6990 744
6991 726
6992 722
6993 722
6994 724
6995 720
6996 263
6997 260
6998 263
6999 263
7000 263
7001 263
7002 260
7003 260
7004 294
7005 301
7006 297
7007 521
7008 518
7009 519
7010 962
7011 962
7012 962
7013 963
7014 962
7015 963
7016 978
7017 978
7018 963
7019 971
7020 978
7021 978
7022 978
7023 6621
7024 6621
7025 4527
7026 976
7027 6621
7028 4527
7029 4527
7030 4527
7031 4527
7032 4527
7033 976
7034 965
7035 976
7036 976
7037 965
7038 971
7039 965
7040 965
7041 970
7042 965
7043 971
7044 971
7045 963
7046 963
7047 963
7048 4522
7049 4522
7050 961
7051 961
7052 970
7053 968
7054 968
7055 970
7056 968
7057 968
7058 968
7059 961
7060 954
7061 955
7062 954
7063 4522
7064 4522
7065 959
7066 958
7067 959
7068 958
7069 958
7070 958
7071 958
7072 958
7073 357
7074 358
7075 358
7076 357
7077 357
7078 349
7079 349
7080 349
7081 351
7082 358
7083 361
7084 361
7085 361
7086 362
7087 362
7088 4271
7089 662
7090 702
7091 662
7092 978
7093 964
7094 964
7095 964
7096 964
7097 964
7098 964
7099 706
7100 936
7101 936
7102 360
7103 938
7104 3381
7105 3498
7106 715
7107 711
7108 708
7109 708
7110 706
7111 706
7112 700
7113 703
7114 700
7115 715
7116 715
7117 937
7118 360
7119 362
7120 719
7121 715
7122 662
7123 492
7124 525
7125 502
7126 502
7127 495
7128 496
7129 439
7130 439
7131 425
7132 405
7133 402
7134 425
7135 431
7136 372
7137 372
7138 372
7139 366
7140 366
7141 2557
7142 366
7143 269
7144 271
7145 271
7146 267
7147 267
7148 267
7149 267
7150 267
7151 599
7152 558
7153 588
7154 625
7155 625
7156 626
7157 626
7158 626
7159 632
7160 631
7161 642
7162 641
7163 649
7164 649
7165 642
7166 563
7167 546
7168 695
7169 6657
7170 307
7171 982
7172 1048
7173 306
7174 695
7175 336
7176 3867
7177 3867
7178 306
7179 336
7180 632
7181 668
7182 699
7183 945
7184 1005
7185 670
7186 948
7187 1655
7188 1645
7189 472
7190 603
7191 534
7192 3421
7193 565
7194 565
7195 574
7196 474
7197 805
7198 591
7199 3303
7200 553
7201 544
7202 566
7203 1630
7204 1636
7205 1636
7206 1635
7207 7207
7208 7207
7209 5182
7210 1624
7211 1624
7212 7207
7213 5182
7214 1625
7215 1626
7216 1624
7217 1626
7218 7207
7219 1630
7220 1630
7221 5182
7222 7207
7223 1465
7224 1532
7225 1465
7226 1465
7227 1465
7228 1532
7229 1465
7230 1077
7231 1077
7232 1468
7233 1077
7234 1077
7235 1532
7236 540
